Rojo 20200429 50000 8843.5 8838.5 8843.0 8839.0 50
Rojo 20200429 50210 8843.5 8835.0 8839.25 8835.0 27
Rojo 20200429 50300 8843.5 8832.0 8835.0 8833.0 58
Rojo 20200429 50500 8843.5 8829.0 8834.75 8830.75 143
Rojo 20200429 50602 8843.5 8828.0 8830.75 8828.75 113
Rojo 20200429 50701 8843.5 8826.25 8828.75 8826.5 97
Rojo 20200429 51304 8843.5 8826.25 8841.0 8838.0 34
Rojo 20200429 51500 8843.5 8826.25 8842.0 8841.25 26
Rojo 20200429 51603 8843.5 8826.25 8841.25 8840.75 92
Rojo 20200429 51800 8844.0 8826.25 8842.5 8842.0 167
Rojo 20200429 51924 8844.0 8826.25 8842.0 8841.0 16
Rojo 20200429 52103 8844.0 8826.25 8843.5 8842.5 85
Rojo 20200429 52200 8844.0 8826.25 8842.5 8842.25 20
Rojo 20200429 52506 8849.0 8826.25 8848.0 8846.5 39
Rojo 20200429 52600 8852.5 8826.25 8846.5 8846.25 130
Rojo 20200429 52700 8852.5 8826.25 8846.25 8839.25 105
Rojo 20200429 52902 8852.5 8826.25 8839.5 8837.5 40
Rojo 20200429 53100 8852.5 8826.25 8838.75 8833.75 79
Rojo 20200429 53201 8852.5 8826.25 8833.75 8832.0 76
Rojo 20200429 53300 8852.5 8826.25 8832.0 8829.75 117
Rojo 20200429 53400 8852.5 8826.25 8829.75 8829.75 57
Rojo 20200429 53705 8852.5 8826.25 8833.5 8831.75 50
Rojo 20200429 53801 8852.5 8826.25 8831.75 8831.5 28
Rojo 20200429 53927 8852.5 8826.25 8831.5 8830.75 19
Rojo 20200429 54305 8852.5 8826.25 8834.0 8832.75 21
Rojo 20200429 54802 8852.5 8826.25 8836.5 8836.5 32
Rojo 20200429 55000 8852.5 8826.25 8836.75 8831.5 69
Rojo 20200429 55101 8852.5 8826.25 8831.5 8827.75 67
Rojo 20200429 55300 8852.5 8824.5 8830.75 8827.5 106
Rojo 20200429 55604 8852.5 8824.5 8832.75 8832.5 33
Rojo 20200429 55902 8852.5 8824.5 8838.75 8838.75 75
Rojo 20200429 60000 8852.5 8824.5 8838.75 8838.0 104
Rojo 20200429 60102 8852.5 8824.5 8838.0 8834.5 101
Rojo 20200429 60300 8852.5 8824.5 8837.5 8833.0 97
Rojo 20200429 60401 8852.5 8824.5 8833.0 8829.5 123
Rojo 20200429 60503 8852.5 8824.5 8829.5 8828.0 58
Rojo 20200429 60603 8852.5 8824.25 8828.0 8826.0 108
Rojo 20200429 60700 8852.5 8823.75 8826.0 8824.25 57
Rojo 20200429 60800 8852.5 8819.0 8824.25 8819.75 174
Rojo 20200429 61100 8852.5 8811.0 8823.5 8813.0 278
Rojo 20200429 61200 8852.5 8806.0 8813.0 8807.5 214
Rojo 20200429 61500 8852.5 8806.0 8810.75 8808.0 87
Rojo 20200429 61701 8852.5 8806.0 8810.0 8809.25 81
Rojo 20200429 62200 8852.5 8806.0 8816.0 8810.25 92
Rojo 20200429 62300 8852.5 8801.5 8810.25 8803.25 197
Rojo 20200429 62400 8852.5 8797.5 8803.25 8799.5 149
Rojo 20200429 62600 8852.5 8797.5 8805.5 8802.0 53
Rojo 20200429 62706 8852.5 8797.5 8802.0 8801.0 47
Rojo 20200429 62802 8852.5 8797.5 8801.0 8801.0 73
Rojo 20200429 62900 8852.5 8797.5 8801.0 8800.25 44
Rojo 20200429 63200 8852.5 8797.5 8808.75 8808.75 84
Rojo 20200429 63300 8852.5 8797.5 8808.75 8808.5 63
Rojo 20200429 63600 8852.5 8797.5 8814.75 8811.0 69
Rojo 20200429 63902 8852.5 8797.5 8813.0 8806.0 175
Rojo 20200429 64105 8852.5 8797.5 8811.0 8809.25 30
Rojo 20200429 64201 8852.5 8797.5 8809.25 8808.5 68
Rojo 20200429 64304 8852.5 8797.5 8808.5 8808.5 22
Rojo 20200429 64402 8852.5 8797.5 8808.5 8803.5 134
Rojo 20200429 64900 8852.5 8797.5 8815.75 8815.25 52
Rojo 20200429 65104 8852.5 8797.5 8818.5 8816.75 50
Rojo 20200429 65200 8852.5 8797.5 8816.75 8816.0 54
Rojo 20200429 65301 8852.5 8797.5 8816.0 8814.25 79
Rojo 20200429 65500 8852.5 8797.5 8814.75 8813.25 52
Rojo 20200429 65700 8852.5 8797.5 8813.5 8812.25 123
Rojo 20200429 65900 8852.5 8797.5 8817.5 8814.5 102
Rojo 20200429 70000 8852.5 8797.5 8814.5 8807.75 674
Rojo 20200429 70600 8852.5 8797.5 8831.75 8828.0 195
Rojo 20200429 70700 8852.5 8797.5 8828.0 8827.5 245
Rojo 20200429 70801 8852.5 8797.5 8827.5 8823.75 234
Rojo 20200429 71100 8852.5 8797.5 8826.75 8826.0 231
Rojo 20200429 71200 8852.5 8797.5 8826.0 8822.5 136
Rojo 20200429 71301 8852.5 8797.5 8822.5 8822.0 124
Rojo 20200429 71500 8852.5 8797.5 8822.5 8812.75 357
Rojo 20200429 71600 8852.5 8797.5 8812.75 8811.5 125
Rojo 20200429 71900 8852.5 8797.5 8816.75 8812.75 85
Rojo 20200429 72000 8852.5 8797.5 8812.75 8808.0 217
Rojo 20200429 72204 8852.5 8797.5 8813.5 8812.75 87
Rojo 20200429 72300 8852.5 8797.5 8812.75 8808.25 146
Rojo 20200429 72400 8852.5 8797.5 8808.25 8804.0 253
Rojo 20200429 72700 8852.5 8797.5 8809.25 8806.5 99
Rojo 20200429 72800 8852.5 8797.5 8806.5 8800.25 177
Rojo 20200429 72900 8852.5 8797.25 8800.25 8799.5 231
Rojo 20200429 73100 8852.5 8796.25 8804.5 8797.5 136
Rojo 20200429 73200 8852.5 8792.5 8797.5 8794.5 239
Rojo 20200429 73405 8852.5 8792.5 8796.0 8795.0 111
Rojo 20200429 73800 8852.5 8792.5 8805.75 8804.5 102
Rojo 20200429 73900 8852.5 8792.5 8804.5 8800.25 92
Rojo 20200429 74000 8852.5 8792.5 8800.25 8797.0 122
Rojo 20200429 74200 8852.5 8792.5 8805.0 8802.75 211
Rojo 20200429 74500 8852.5 8792.5 8808.25 8805.0 117
Rojo 20200429 74801 8852.5 8792.5 8811.5 8809.0 133
Rojo 20200429 75202 8852.5 8792.5 8816.0 8816.0 148
Rojo 20200429 75404 8852.5 8792.5 8817.75 8816.5 63
Rojo 20200429 75700 8852.5 8792.5 8821.25 8817.75 197
Rojo 20200429 80000 8852.5 8792.5 8820.25 8814.25 173
Rojo 20200429 80100 8852.5 8792.5 8814.25 8814.0 142
Rojo 20200429 80300 8852.5 8792.5 8815.75 8811.5 148
Rojo 20200429 80500 8852.5 8792.5 8813.0 8811.5 87
Rojo 20200429 80600 8852.5 8792.5 8811.5 8808.0 91
Rojo 20200429 80702 8852.5 8792.5 8808.0 8807.75 114
Rojo 20200429 80900 8852.5 8792.5 8811.0 8809.75 93
Rojo 20200429 81300 8852.5 8792.5 8812.5 8811.75 92
Rojo 20200429 81601 8852.5 8792.5 8818.25 8817.0 108
Rojo 20200429 81701 8852.5 8792.5 8817.0 8817.0 106
Rojo 20200429 81800 8852.5 8792.5 8817.0 8815.0 77
Rojo 20200429 82009 8852.5 8792.5 8817.0 8816.75 127
Rojo 20200429 82103 8852.5 8792.5 8816.75 8815.75 69
Rojo 20200429 82200 8852.5 8792.5 8815.75 8815.5 118
Rojo 20200429 82400 8852.5 8792.5 8816.0 8813.25 59
Rojo 20200429 82500 8852.5 8792.5 8813.25 8811.5 136
Rojo 20200429 82600 8852.5 8792.5 8811.5 8805.75 168
Rojo 20200429 83000 8852.5 8792.5 8813.0 8813.0 133
Rojo 20200429 83300 8852.5 8792.5 8821.25 8819.75 81
Rojo 20200429 83500 8852.5 8792.5 8822.75 8820.5 105
Rojo 20200429 83601 8852.5 8792.5 8820.5 8819.5 64
Rojo 20200429 84102 8852.5 8792.5 8826.75 8826.0 143
Rojo 20200429 84201 8852.5 8792.5 8826.0 8824.5 83
Rojo 20200429 84300 8852.5 8792.5 8824.5 8820.75 98
Rojo 20200429 84400 8852.5 8792.5 8820.75 8819.5 117
Rojo 20200429 84500 8852.5 8792.5 8819.5 8819.25 109
Rojo 20200429 84800 8852.5 8792.5 8820.25 8816.0 73
Rojo 20200429 84902 8852.5 8792.5 8816.0 8815.5 66
Rojo 20200429 85000 8852.5 8792.5 8815.5 8814.25 58
Rojo 20200429 85100 8852.5 8792.5 8814.25 8813.75 94
Rojo 20200429 85503 8852.5 8792.5 8822.0 8821.5 80
Rojo 20200429 85700 8852.5 8792.5 8822.25 8819.0 74
Rojo 20200429 90000 8852.5 8792.5 8822.5 8821.0 81
Rojo 20200429 90200 8852.5 8792.5 8821.75 8819.75 62
Rojo 20200429 90704 8852.5 8792.5 8826.5 8824.25 74
Rojo 20200429 90900 8852.5 8792.5 8825.0 8823.0 81
Rojo 20200429 91000 8852.5 8792.5 8823.0 8819.75 128
Rojo 20200429 91100 8852.5 8792.5 8819.75 8819.75 37
Rojo 20200429 91200 8852.5 8792.5 8819.75 8817.5 106
Rojo 20200429 91301 8852.5 8792.5 8817.5 8817.0 106
Rojo 20200429 91500 8852.5 8792.5 8818.75 8816.75 90
Rojo 20200429 91600 8852.5 8792.5 8816.75 8814.75 102
Rojo 20200429 91700 8852.5 8792.5 8814.75 8814.75 66
Rojo 20200429 91900 8852.5 8792.5 8816.25 8814.25 72
Rojo 20200429 92000 8852.5 8792.5 8814.25 8814.0 134
Rojo 20200429 92500 8852.5 8792.5 8824.5 8822.75 85
Rojo 20200429 92705 8852.5 8792.5 8823.75 8822.75 69
Rojo 20200429 92901 8852.5 8792.5 8823.0 8821.75 47
Rojo 20200429 93001 8852.5 8792.5 8821.75 8821.5 77
Rojo 20200429 93103 8852.5 8792.5 8821.5 8820.75 39
Rojo 20200429 93209 8852.5 8792.5 8820.75 8818.25 49
Rojo 20200429 93400 8852.5 8792.5 8821.25 8819.75 60
Rojo 20200429 93603 8852.5 8792.5 8821.25 8817.25 55
Rojo 20200429 94105 8852.5 8792.5 8824.75 8824.75 59
Rojo 20200429 94201 8852.5 8792.5 8824.75 8822.0 77
Rojo 20200429 94500 8852.5 8792.5 8824.5 8821.75 100
Rojo 20200429 94600 8852.5 8792.5 8821.75 8819.0 75
Rojo 20200429 94700 8852.5 8792.5 8819.0 8818.75 50
Rojo 20200429 94802 8852.5 8792.5 8818.75 8817.25 79
Rojo 20200429 94901 8852.5 8792.5 8817.25 8810.0 214
Rojo 20200429 95300 8852.5 8792.5 8815.75 8815.0 79
Rojo 20200429 95400 8852.5 8792.5 8815.0 8814.5 91
Rojo 20200429 95600 8852.5 8792.5 8816.75 8814.75 135
Rojo 20200429 95700 8852.5 8792.5 8814.75 8810.25 121
Rojo 20200429 100000 8852.5 8792.5 8816.25 8814.0 50
Rojo 20200429 100100 8852.5 8792.5 8814.0 8812.0 38
Rojo 20200429 100200 8852.5 8792.5 8812.0 8808.75 154
Rojo 20200429 100301 8852.5 8792.5 8808.75 8803.0 197
Rojo 20200429 100500 8852.5 8792.5 8803.25 8801.25 131
Rojo 20200429 100600 8852.5 8792.5 8801.25 8798.0 171
Rojo 20200429 101008 8852.5 8792.5 8804.5 8803.5 65
Rojo 20200429 101200 8852.5 8792.5 8806.0 8805.75 71
Rojo 20200429 101303 8852.5 8792.5 8805.75 8801.5 92
Rojo 20200429 101401 8852.5 8792.5 8801.5 8801.0 62
Rojo 20200429 101500 8852.5 8792.5 8801.0 8801.0 86
Rojo 20200429 101701 8852.5 8792.5 8804.25 8803.25 47
Rojo 20200429 102006 8852.5 8792.5 8806.0 8804.5 39
Rojo 20200429 102100 8852.5 8792.5 8804.5 8803.25 71
Rojo 20200429 102200 8852.5 8792.5 8803.25 8798.75 91
Rojo 20200429 102400 8852.5 8792.5 8803.75 8803.5 58
Rojo 20200429 102606 8852.5 8792.5 8804.25 8803.75 55
Rojo 20200429 102706 8852.5 8792.5 8803.75 8802.5 55
Rojo 20200429 102902 8852.5 8792.5 8802.75 8798.25 218
Rojo 20200429 103000 8852.5 8792.5 8798.25 8795.75 248
Rojo 20200429 103202 8852.5 8792.5 8798.0 8797.75 66
Rojo 20200429 103402 8852.5 8789.5 8799.0 8794.25 253
Rojo 20200429 104001 8852.5 8789.5 8802.75 8802.5 99
Rojo 20200429 104201 8852.5 8789.5 8804.0 8804.0 89
Rojo 20200429 104305 8852.5 8789.5 8804.0 8802.5 63
Rojo 20200429 104500 8852.5 8789.5 8805.0 8804.0 153
Rojo 20200429 104702 8852.5 8789.5 8804.75 8804.0 53
Rojo 20200429 104903 8852.5 8789.5 8804.25 8802.25 47
Rojo 20200429 105000 8852.5 8789.5 8802.25 8801.5 243
Rojo 20200429 105200 8852.5 8789.5 8805.75 8805.25 72
Rojo 20200429 105303 8852.5 8789.5 8805.25 8803.5 53
Rojo 20200429 105401 8852.5 8789.5 8803.5 8803.0 33
Rojo 20200429 105600 8852.5 8789.5 8807.5 8807.25 103
Rojo 20200429 110000 8852.5 8789.5 8814.75 8810.75 276
Rojo 20200429 110402 8852.5 8789.5 8814.25 8814.25 140
Rojo 20200429 110501 8852.5 8789.5 8814.25 8814.0 90
Rojo 20200429 110600 8852.5 8789.5 8814.0 8812.0 87
Rojo 20200429 110700 8852.5 8789.5 8812.0 8811.5 45
Rojo 20200429 110801 8852.5 8789.5 8811.5 8807.25 118
Rojo 20200429 110900 8852.5 8789.5 8807.25 8806.75 137
Rojo 20200429 111100 8852.5 8789.5 8810.75 8809.75 89
Rojo 20200429 111200 8852.5 8789.5 8809.75 8809.25 92
Rojo 20200429 111300 8852.5 8789.5 8809.25 8805.75 55
Rojo 20200429 111500 8852.5 8789.5 8806.25 8803.75 174
Rojo 20200429 111600 8852.5 8789.5 8803.75 8800.25 163
Rojo 20200429 111800 8852.5 8789.5 8801.25 8794.25 245
Rojo 20200429 112000 8852.5 8786.0 8794.75 8787.5 256
Rojo 20200429 112200 8852.5 8785.25 8788.25 8787.0 177
Rojo 20200429 112301 8852.5 8785.25 8787.0 8786.5 83
Rojo 20200429 112700 8852.5 8782.5 8790.0 8787.5 85
Rojo 20200429 112803 8852.5 8782.5 8787.5 8787.25 74
Rojo 20200429 112900 8852.5 8782.5 8787.25 8784.75 85
Rojo 20200429 113100 8852.5 8782.5 8787.75 8787.0 188
Rojo 20200429 113400 8852.5 8782.5 8791.25 8788.25 109
Rojo 20200429 113700 8852.5 8782.5 8792.0 8787.5 101
Rojo 20200429 113900 8852.5 8782.5 8788.5 8788.25 96
Rojo 20200429 114100 8852.5 8782.5 8788.75 8788.75 33
Rojo 20200429 114204 8852.5 8782.5 8788.75 8788.75 63
Rojo 20200429 114300 8852.5 8782.5 8788.75 8786.0 180
Rojo 20200429 114500 8852.5 8782.25 8787.0 8782.25 152
Rojo 20200429 114600 8852.5 8781.0 8782.25 8781.5 147
Rojo 20200429 114701 8852.5 8777.75 8781.5 8778.25 330
Rojo 20200429 114800 8852.5 8775.25 8778.25 8775.75 325
Rojo 20200429 114900 8852.5 8773.25 8775.75 8774.0 209
Rojo 20200429 115000 8852.5 8773.25 8774.0 8773.75 229
Rojo 20200429 115200 8852.5 8773.25 8781.0 8779.5 196
Rojo 20200429 115501 8852.5 8773.25 8780.5 8779.75 75
Rojo 20200429 115800 8852.5 8773.25 8783.5 8782.25 126
Rojo 20200429 120100 8852.5 8773.25 8784.5 8781.75 156
Rojo 20200429 120201 8852.5 8773.25 8781.75 8779.0 100
Rojo 20200429 120600 8852.5 8773.25 8784.75 8784.25 89
Rojo 20200429 120700 8852.5 8773.25 8784.25 8783.25 68
Rojo 20200429 120900 8852.5 8773.25 8785.5 8785.5 64
Rojo 20200429 121102 8852.5 8773.25 8788.25 8786.0 119
Rojo 20200429 121801 8852.5 8773.25 8798.75 8796.0 118
Rojo 20200429 121901 8852.5 8773.25 8796.0 8794.5 131
Rojo 20200429 122202 8852.5 8773.25 8802.75 8801.5 122
Rojo 20200429 122300 8852.5 8773.25 8801.5 8799.0 73
Rojo 20200429 123100 8882.0 8773.25 8861.25 8860.25 1424
Rojo 20200429 123300 8882.0 8773.25 8864.25 8852.25 849
Rojo 20200429 123400 8882.0 8773.25 8852.25 8841.25 1032
Rojo 20200429 123500 8882.0 8773.25 8841.25 8839.5 686
Rojo 20200429 123700 8882.0 8773.25 8852.5 8843.0 761
Rojo 20200429 123800 8882.0 8773.25 8843.0 8840.25 593
Rojo 20200429 123900 8882.0 8773.25 8840.25 8826.25 788
Rojo 20200429 124200 8882.0 8773.25 8845.0 8842.0 172
Rojo 20200429 124500 8882.0 8773.25 8845.0 8840.0 402
Rojo 20200429 124600 8882.0 8773.25 8840.0 8840.0 345
Rojo 20200429 124900 8882.0 8773.25 8858.0 8857.75 561
Rojo 20200429 125000 8882.0 8773.25 8857.75 8856.5 544
Rojo 20200429 125100 8882.0 8773.25 8856.5 8852.75 292
Rojo 20200429 125200 8882.0 8773.25 8852.75 8851.25 289
Rojo 20200429 125900 8894.5 8773.25 8894.0 8889.5 483
Rojo 20200429 130300 8907.0 8773.25 8905.0 8898.25 954
Rojo 20200429 130400 8907.0 8773.25 8898.25 8888.5 774
Rojo 20200429 130500 8907.0 8773.25 8888.5 8884.75 951
Rojo 20200429 130600 8907.0 8773.25 8884.75 8884.0 443
Rojo 20200429 130700 8907.0 8773.25 8884.0 8884.0 371
Rojo 20200429 130800 8907.0 8773.25 8884.0 8882.75 368
Rojo 20200429 130900 8907.0 8773.25 8882.75 8881.5 360
Rojo 20200429 131000 8907.0 8773.25 8881.5 8876.25 302
Rojo 20200429 131100 8907.0 8773.25 8876.25 8873.5 495
Rojo 20200429 131500 8907.0 8773.25 8881.25 8876.75 502
Rojo 20200429 131600 8907.0 8773.25 8876.75 8873.75 291
Rojo 20200429 131800 8907.0 8773.25 8876.0 8874.5 420
Rojo 20200429 132000 8907.0 8773.25 8879.25 8871.0 573
Rojo 20200429 132100 8907.0 8773.25 8871.0 8868.5 498
Rojo 20200429 132500 8907.0 8773.25 8874.0 8871.25 451
Rojo 20200429 132600 8907.0 8773.25 8871.25 8869.0 275
Rojo 20200429 132800 8907.0 8773.25 8874.5 8863.5 528
Rojo 20200429 132900 8907.0 8773.25 8863.5 8860.0 607
Rojo 20200429 133000 8907.0 8773.25 8860.0 8846.25 2980
Rojo 20200429 133300 8907.0 8773.25 8850.5 8841.5 1360
Rojo 20200429 133500 8907.0 8773.25 8847.25 8840.5 1873
Rojo 20200429 133700 8907.0 8773.25 8844.5 8822.25 2730
Rojo 20200429 134400 8907.0 8773.25 8865.75 8864.25 1398
Rojo 20200429 134600 8907.0 8773.25 8868.0 8863.5 1179
Rojo 20200429 135200 8907.0 8773.25 8894.25 8885.5 1487
Rojo 20200429 135400 8907.0 8773.25 8886.5 8883.75 965
Rojo 20200429 135500 8907.0 8773.25 8883.75 8881.75 1375
Rojo 20200429 135800 8907.0 8773.25 8894.5 8893.5 764
Rojo 20200429 140000 8907.0 8773.25 8894.5 8893.25 1133
Rojo 20200429 140100 8907.0 8773.25 8893.25 8887.75 1379
Rojo 20200429 140200 8907.0 8773.25 8887.75 8875.5 1479
Rojo 20200429 140500 8907.0 8773.25 8882.25 8880.75 1054
Rojo 20200429 140700 8907.0 8773.25 8881.25 8876.25 822
Rojo 20200429 140800 8907.0 8773.25 8876.25 8874.0 1184
Rojo 20200429 140900 8907.0 8773.25 8874.0 8872.0 978
Rojo 20200429 141000 8907.0 8773.25 8872.0 8870.5 1623
Rojo 20200429 141100 8907.0 8773.25 8870.5 8870.5 838
Rojo 20200429 141700 8912.0 8773.25 8905.75 8905.25 941
Rojo 20200429 141900 8912.0 8773.25 8910.25 8908.25 770
Rojo 20200429 142700 8932.5 8773.25 8931.0 8928.0 813
Rojo 20200429 142800 8932.5 8773.25 8928.0 8924.25 862
Rojo 20200429 143100 8939.75 8773.25 8938.0 8935.75 784
Rojo 20200429 143200 8939.75 8773.25 8935.75 8930.5 711
Rojo 20200429 143300 8939.75 8773.25 8930.5 8925.25 997
Rojo 20200429 143600 8939.75 8773.25 8937.5 8933.5 528
Rojo 20200429 143700 8939.75 8773.25 8933.5 8919.5 837
Rojo 20200429 143800 8939.75 8773.25 8919.5 8917.0 845
Rojo 20200429 144100 8939.75 8773.25 8925.25 8922.5 737
Rojo 20200429 144200 8939.75 8773.25 8922.5 8918.0 559
Rojo 20200429 144400 8939.75 8773.25 8922.75 8916.25 574
Rojo 20200429 144500 8939.75 8773.25 8916.25 8913.25 712
Rojo 20200429 144600 8939.75 8773.25 8913.25 8912.5 1145
Rojo 20200429 144800 8939.75 8773.25 8914.0 8911.5 446
Rojo 20200429 145100 8939.75 8773.25 8926.0 8923.5 713
Rojo 20200429 145300 8939.75 8773.25 8928.5 8927.5 503
Rojo 20200429 145400 8939.75 8773.25 8927.5 8927.25 609
Rojo 20200429 145500 8939.75 8773.25 8927.25 8926.5 691
Rojo 20200429 145600 8939.75 8773.25 8926.5 8921.0 918
Rojo 20200429 145900 8939.75 8773.25 8923.75 8920.0 1066
Rojo 20200429 150100 8939.75 8773.25 8923.25 8922.25 957
Rojo 20200429 150200 8939.75 8773.25 8922.25 8915.0 777
Rojo 20200429 150300 8939.75 8773.25 8915.0 8907.25 790
Rojo 20200429 150600 8939.75 8773.25 8922.5 8920.0 508
Rojo 20200429 150700 8939.75 8773.25 8920.0 8915.75 421
Rojo 20200429 151200 8939.75 8773.25 8929.75 8926.75 641
Rojo 20200429 151400 8939.75 8773.25 8928.5 8926.75 413
Rojo 20200429 151700 8939.75 8773.25 8928.75 8922.0 579
Rojo 20200429 151800 8939.75 8773.25 8922.0 8921.0 625
Rojo 20200429 152200 8939.75 8773.25 8928.75 8927.75 511
Rojo 20200429 152400 8939.75 8773.25 8930.5 8927.5 334
Rojo 20200429 152500 8939.75 8773.25 8927.5 8926.5 391
Rojo 20200429 152600 8939.75 8773.25 8926.5 8926.0 489
Rojo 20200429 152700 8939.75 8773.25 8926.0 8923.5 506
Rojo 20200429 152900 8939.75 8773.25 8928.0 8925.25 390
Rojo 20200429 153000 8939.75 8773.25 8925.25 8924.0 548
Rojo 20200429 153200 8939.75 8773.25 8929.0 8928.0 657
Rojo 20200429 153300 8939.75 8773.25 8928.0 8920.0 718
Rojo 20200429 153500 8939.75 8773.25 8927.25 8922.25 460
Rojo 20200429 153700 8939.75 8773.25 8922.75 8922.25 434
Rojo 20200429 153800 8939.75 8773.25 8922.25 8919.5 362
Rojo 20200429 153900 8939.75 8773.25 8919.5 8919.0 391
Rojo 20200429 154000 8939.75 8773.25 8919.0 8913.5 924
Rojo 20200429 154300 8939.75 8773.25 8920.0 8919.0 477
Rojo 20200429 154700 8939.75 8773.25 8922.0 8918.0 432
Rojo 20200429 155100 8939.75 8773.25 8928.0 8924.75 373
Rojo 20200429 155400 8939.75 8773.25 8931.75 8930.5 840
Rojo 20200429 155600 8939.75 8773.25 8931.0 8930.75 539
Rojo 20200429 155700 8939.75 8773.25 8930.75 8924.5 660
Rojo 20200429 155800 8939.75 8773.25 8924.5 8922.75 564
Rojo 20200429 155900 8939.75 8773.25 8922.75 8916.0 822
Rojo 20200429 160800 8943.5 8773.25 8941.25 8937.75 477
Rojo 20200429 161000 8943.5 8773.25 8940.0 8939.0 575
Rojo 20200429 161200 8947.0 8773.25 8946.0 8943.0 374
Rojo 20200429 161300 8947.0 8773.25 8943.0 8942.0 619
Rojo 20200429 161600 8950.0 8773.25 8947.25 8938.0 1091
Rojo 20200429 161700 8950.0 8773.25 8938.0 8938.0 490
Rojo 20200429 161900 8950.0 8773.25 8944.0 8942.0 305
Rojo 20200429 162000 8950.0 8773.25 8942.0 8940.75 429
Rojo 20200429 162500 8952.0 8773.25 8951.25 8948.75 340
Rojo 20200429 162600 8952.0 8773.25 8948.75 8947.75 240
Rojo 20200429 162900 8952.0 8773.25 8951.0 8951.0 365
Rojo 20200429 163100 8956.0 8773.25 8952.75 8952.25 400
Rojo 20200429 163200 8956.0 8773.25 8952.25 8949.75 576
Rojo 20200429 163300 8956.0 8773.25 8949.75 8946.75 315
Rojo 20200429 163900 8964.75 8773.25 8962.5 8960.75 405
Rojo 20200429 164000 8964.75 8773.25 8960.75 8958.0 537
Rojo 20200429 164200 8964.75 8773.25 8960.5 8960.0 494
Rojo 20200429 164400 8964.75 8773.25 8961.0 8960.75 502
Rojo 20200429 164500 8964.75 8773.25 8960.75 8960.5 336
Rojo 20200429 164600 8964.75 8773.25 8960.5 8959.25 454
Rojo 20200429 164700 8964.75 8773.25 8959.25 8958.25 448
Rojo 20200429 164900 8964.75 8773.25 8962.0 8960.0 403
Rojo 20200429 165100 8964.75 8773.25 8961.75 8959.25 553
Rojo 20200429 165200 8964.75 8773.25 8959.25 8956.5 543
Rojo 20200429 165400 8964.75 8773.25 8959.5 8957.75 500
Rojo 20200429 165500 8964.75 8773.25 8957.75 8957.0 200
Rojo 20200429 165600 8964.75 8773.25 8957.0 8956.5 458
Rojo 20200429 165700 8964.75 8773.25 8956.5 8952.75 366
Rojo 20200429 165800 8964.75 8773.25 8952.75 8945.5 1097
Rojo 20200429 170100 8964.75 8773.25 8952.25 8950.75 557
Rojo 20200429 170500 8964.75 8773.25 8958.25 8958.0 558
Rojo 20200429 170600 8964.75 8773.25 8958.0 8956.75 390
Rojo 20200429 171000 8964.75 8773.25 8959.5 8959.25 233
Rojo 20200429 171100 8964.75 8773.25 8959.25 8954.75 420
Rojo 20200429 171400 8964.75 8773.25 8957.0 8956.25 364
Rojo 20200429 171500 8964.75 8773.25 8956.25 8953.75 263
Rojo 20200429 171900 8964.75 8773.25 8962.25 8960.25 260
Rojo 20200429 172100 8964.75 8773.25 8960.75 8957.5 230
Rojo 20200429 172200 8964.75 8773.25 8957.5 8956.25 282
Rojo 20200429 172300 8964.75 8773.25 8956.25 8951.25 729
Rojo 20200429 172600 8964.75 8773.25 8955.5 8955.5 259
Rojo 20200429 172700 8964.75 8773.25 8955.5 8951.25 540
Rojo 20200429 172800 8964.75 8773.25 8951.25 8951.25 413
Rojo 20200429 172901 8964.75 8773.25 8951.25 8949.75 289
Rojo 20200429 173000 8964.75 8773.25 8949.75 8949.0 558
Rojo 20200429 173100 8964.75 8773.25 8949.0 8948.5 411
Rojo 20200429 173400 8964.75 8773.25 8951.0 8945.0 578
Rojo 20200429 173500 8964.75 8773.25 8945.0 8944.5 548
Rojo 20200429 173801 8964.75 8773.25 8950.0 8946.25 396
Rojo 20200429 174100 8964.75 8773.25 8952.75 8948.75 272
Rojo 20200429 174200 8964.75 8773.25 8948.75 8948.75 193
Rojo 20200429 174300 8964.75 8773.25 8948.75 8948.75 297
Rojo 20200429 174400 8964.75 8773.25 8948.75 8943.0 358
Rojo 20200429 175000 8964.75 8773.25 8953.25 8951.5 191
Rojo 20200429 175400 8964.75 8773.25 8956.25 8955.5 167
Rojo 20200429 175800 8969.75 8773.25 8965.0 8962.0 351
Rojo 20200429 175900 8969.75 8773.25 8962.0 8960.5 551
Rojo 20200429 180000 8976.25 8773.25 8960.5 8956.0 1535
Rojo 20200429 180200 8976.25 8773.25 8965.0 8959.5 669
Rojo 20200429 180300 8976.25 8773.25 8959.5 8937.5 2358
Rojo 20200429 180500 8976.25 8773.25 8951.0 8943.75 654
Rojo 20200429 180600 8976.25 8773.25 8943.75 8938.75 432
Rojo 20200429 180800 8976.25 8773.25 8944.0 8941.5 560
Rojo 20200429 180900 8976.25 8773.25 8941.5 8941.25 387
Rojo 20200429 181100 8976.25 8773.25 8945.5 8942.0 397
Rojo 20200429 181200 8976.25 8773.25 8942.0 8937.0 668
Rojo 20200429 181300 8976.25 8773.25 8937.0 8929.25 880
Rojo 20200429 181600 8976.25 8773.25 8945.5 8938.75 499
Rojo 20200429 181700 8976.25 8773.25 8938.75 8938.0 492
Rojo 20200429 181800 8976.25 8773.25 8938.0 8933.75 393
Rojo 20200429 181900 8976.25 8773.25 8933.75 8930.0 447
Rojo 20200429 182100 8976.25 8773.25 8934.25 8934.25 287
Rojo 20200429 182600 8976.25 8773.25 8956.25 8949.25 773
Rojo 20200429 182700 8976.25 8773.25 8949.25 8947.5 385
Rojo 20200429 183000 8976.25 8773.25 8952.0 8949.75 677
Rojo 20200429 183100 8976.25 8773.25 8949.75 8945.75 478
Rojo 20200429 183300 8976.25 8773.25 8955.0 8954.0 488
Rojo 20200429 183400 8976.25 8773.25 8954.0 8952.25 760
Rojo 20200429 183500 8976.25 8773.25 8952.25 8949.25 443
Rojo 20200429 183900 8976.25 8773.25 8962.75 8962.0 518
Rojo 20200429 184300 8976.25 8773.25 8968.5 8968.0 570
Rojo 20200429 184400 8976.25 8773.25 8968.0 8967.75 274
Rojo 20200429 184500 8976.25 8773.25 8967.75 8965.5 434
Rojo 20200429 184800 8976.25 8773.25 8969.0 8964.75 235
Rojo 20200429 184900 8976.25 8773.25 8964.75 8962.5 440
Rojo 20200429 185202 8976.25 8773.25 8967.0 8964.5 301
Rojo 20200429 185300 8976.25 8773.25 8964.5 8951.5 755
Rojo 20200429 190000 8984.5 8773.25 8979.0 8977.0 501
Rojo 20200429 190100 8984.5 8773.25 8977.0 8976.25 281
Rojo 20200429 190500 8987.75 8773.25 8986.25 8980.75 683
Rojo 20200429 190600 8987.75 8773.25 8980.75 8980.5 418
Rojo 20200429 191000 8987.75 8773.25 8983.0 8979.0 525
Rojo 20200429 191300 8989.0 8773.25 8986.5 8985.5 307
Rojo 20200429 191500 8989.0 8773.25 8985.75 8984.5 501
Rojo 20200429 191600 8989.0 8773.25 8984.5 8979.25 636
Rojo 20200429 192300 8999.75 8773.25 8999.25 8999.0 594
Rojo 20200429 192600 9009.75 8773.25 9007.5 9006.5 733
Rojo 20200429 192700 9009.75 8773.25 9006.5 9005.75 679
Rojo 20200429 192800 9009.75 8773.25 9005.75 9003.25 540
Rojo 20200429 193000 9009.75 8773.25 9006.75 9003.75 1045
Rojo 20200429 193100 9009.75 8773.25 9003.75 9003.25 434
Rojo 20200429 193200 9009.75 8773.25 9003.25 8995.75 683
Rojo 20200429 193500 9010.25 8773.25 9006.25 9004.0 536
Rojo 20200429 193600 9010.25 8773.25 9004.0 9000.25 574
Rojo 20200429 193900 9010.25 8773.25 9004.5 9003.0 271
Rojo 20200429 194200 9014.75 8773.25 9012.25 9008.75 821
Rojo 20200429 194400 9014.75 8773.25 9010.5 9009.5 423
Rojo 20200429 194500 9014.75 8773.25 9009.5 9006.0 870
Rojo 20200429 194800 9014.75 8773.25 9006.5 9006.5 373
Rojo 20200429 195000 9014.75 8773.25 9007.5 8990.25 3126
Rojo 20200429 195100 9014.75 8773.25 8990.25 8979.25 1544
Rojo 20200429 195200 9014.75 8773.25 8979.25 8976.25 1811
Rojo 20200429 195300 9014.75 8773.25 8976.25 8965.75 1429
Rojo 20200429 195600 9014.75 8773.25 8973.5 8967.25 1357
Rojo 20200429 195800 9014.75 8773.25 8967.75 8960.5 1392
Rojo 20200429 200300 9014.75 8773.25 8998.5 8979.75 1112
Rojo 20200429 200900 9014.75 8773.25 9011.0 9004.0 845
Rojo 20200429 201200 9035.5 8773.25 9029.25 9028.75 940
Rojo 20200429 201300 9035.5 8773.25 9028.75 9027.75 677
Rojo 20200429 203500 9086.0 8773.25 9083.75 9080.75 218
Rojo 20200429 203600 9086.0 8773.25 9080.75 9080.0 85
Rojo 20200429 204100 9105.5 8773.25 9101.5 9099.0 224
Rojo 20200429 204300 9105.5 8773.25 9100.25 9099.5 195
Rojo 20200429 204500 9109.0 8773.25 9102.25 9102.25 188
Rojo 20200429 204600 9109.0 8773.25 9102.25 9100.0 183
Rojo 20200429 204800 9109.0 8773.25 9101.25 9099.0 114
Rojo 20200429 204902 9109.0 8773.25 9099.0 9094.5 168
Rojo 20200429 205105 9109.0 8773.25 9098.0 9097.25 115
Rojo 20200429 205302 9109.0 8773.25 9101.0 9100.5 142
Rojo 20200429 205600 9109.0 8773.25 9105.75 9105.5 186
Rojo 20200429 205902 9118.75 8773.25 9116.0 9109.5 153
Rojo 20200429 220000 9118.75 8773.25 9109.5 9093.5 641
Rojo 20200429 220100 9118.75 8773.25 9093.5 9087.0 254
Rojo 20200429 220301 9118.75 8773.25 9094.75 9094.0 177
Rojo 20200429 220400 9118.75 8773.25 9094.0 9089.25 178
Rojo 20200429 220502 9118.75 8773.25 9089.25 9088.25 162
Rojo 20200429 220700 9118.75 8773.25 9092.0 9091.0 130
Rojo 20200429 220800 9118.75 8773.25 9091.0 9083.0 84
Rojo 20200429 221000 9118.75 8773.25 9083.25 9081.25 60
Rojo 20200429 221404 9118.75 8773.25 9086.0 9085.5 29
Rojo 20200429 221604 9118.75 8773.25 9086.5 9079.75 91
Rojo 20200429 221700 9118.75 8773.25 9079.75 9078.5 136
Rojo 20200429 221800 9118.75 8773.25 9078.5 9076.5 111
Rojo 20200429 222104 9118.75 8773.25 9084.25 9083.0 26
Rojo 20200429 222219 9118.75 8773.25 9083.0 9082.75 16
Rojo 20200429 222305 9118.75 8773.25 9082.75 9082.25 26
Rojo 20200429 222401 9118.75 8773.25 9082.25 9081.5 37
Rojo 20200429 222701 9118.75 8773.25 9084.25 9081.0 30
Rojo 20200429 223200 9118.75 8773.25 9093.0 9090.25 58
Rojo 20200429 223401 9118.75 8773.25 9091.0 9090.25 15
Rojo 20200429 223600 9118.75 8773.25 9090.75 9089.0 24
Rojo 20200429 223700 9118.75 8773.25 9089.0 9087.25 36
Rojo 20200429 223900 9118.75 8773.25 9088.5 9087.0 30
Rojo 20200429 224200 9118.75 8773.25 9092.75 9090.5 21
Rojo 20200429 224500 9118.75 8773.25 9092.5 9091.75 22
Rojo 20200429 224706 9118.75 8773.25 9092.25 9092.25 18
Rojo 20200429 224813 9118.75 8773.25 9092.25 9091.75 14
Rojo 20200429 224902 9118.75 8773.25 9091.75 9090.0 28
Rojo 20200429 225302 9118.75 8773.25 9092.0 9092.0 8
Rojo 20200429 225500 9118.75 8773.25 9094.0 9093.75 47
Rojo 20200429 225613 9118.75 8773.25 9093.75 9092.0 7
Rojo 20200429 225700 9118.75 8773.25 9092.0 9091.5 20
Rojo 20200429 225804 9118.75 8773.25 9091.5 9090.75 33
Rojo 20200429 225904 9118.75 8773.25 9090.75 9090.75 5
Rojo 20200429 230000 9118.75 8773.25 9090.75 9082.5 157
Rojo 20200429 230100 9118.75 8773.25 9082.5 9080.0 90
Rojo 20200429 230201 9118.75 8773.25 9080.0 9080.0 35
Rojo 20200429 230301 9118.75 8773.25 9080.0 9079.25 69
Rojo 20200429 230503 9118.75 8773.25 9080.75 9078.25 50
Rojo 20200429 230700 9118.75 8773.25 9079.25 9078.0 34
Rojo 20200429 231213 9118.75 8773.25 9082.25 9081.75 15
Rojo 20200429 231309 9118.75 8773.25 9081.75 9081.5 12
Rojo 20200429 231500 9118.75 8773.25 9084.0 9081.25 38
Rojo 20200429 231803 9118.75 8773.25 9081.75 9081.25 26
Rojo 20200429 231903 9118.75 8773.25 9081.25 9080.5 24
Rojo 20200429 232000 9118.75 8773.25 9080.5 9079.0 47
Rojo 20200429 232300 9118.75 8773.25 9089.25 9087.5 43
Rojo 20200429 232500 9118.75 8773.25 9090.0 9087.25 22
Rojo 20200429 232612 9118.75 8773.25 9087.25 9085.5 35
Rojo 20200429 232700 9118.75 8773.25 9085.5 9082.5 54
Rojo 20200429 232800 9118.75 8773.25 9082.5 9081.25 20
Rojo 20200429 233103 9118.75 8773.25 9086.5 9086.0 39
Rojo 20200429 233800 9118.75 8773.25 9102.75 9099.25 217
Rojo 20200429 233902 9118.75 8773.25 9099.25 9098.25 29
Rojo 20200429 234100 9118.75 8773.25 9099.0 9097.0 22
Rojo 20200429 234303 9118.75 8773.25 9098.25 9096.0 28
Rojo 20200429 234401 9118.75 8773.25 9096.0 9095.75 32
Rojo 20200429 234500 9118.75 8773.25 9095.75 9092.5 47
Rojo 20200429 234700 9118.75 8773.25 9093.0 9091.5 50
Rojo 20200429 235000 9118.75 8773.25 9094.25 9092.25 35
Rojo 20200429 235102 9118.75 8773.25 9092.25 9091.0 25
Rojo 20200429 235302 9118.75 8773.25 9092.75 9090.75 32
Rojo 20200429 235501 9118.75 8773.25 9092.25 9091.5 63
Rojo 20200429 235802 9118.75 8773.25 9095.0 9094.0 74
Rojo 20200429 235900 9118.75 8773.25 9094.0 9091.5 166
Rojo 20200430 0 9118.75 8773.25 9091.5 9086.5 157
Rojo 20200430 100 9118.75 8773.25 9086.5 9084.0 63
Rojo 20200430 200 9118.75 8773.25 9084.0 9083.0 89
Rojo 20200430 400 9118.75 8773.25 9085.0 9083.25 64
Rojo 20200430 500 9118.75 8773.25 9083.25 9083.25 63
Rojo 20200430 600 9118.75 8773.25 9083.25 9082.25 63
Rojo 20200430 700 9118.75 8773.25 9082.25 9081.75 38
Rojo 20200430 900 9118.75 8773.25 9084.75 9079.25 136
Rojo 20200430 1302 9118.75 8773.25 9085.0 9083.5 38
Rojo 20200430 1502 9118.75 8773.25 9084.25 9072.25 193
Rojo 20200430 1601 9118.75 8773.25 9072.25 9071.5 101
Rojo 20200430 1800 9118.75 8773.25 9072.0 9069.5 84
Rojo 20200430 2200 9118.75 8773.25 9074.0 9071.75 40
Rojo 20200430 2300 9118.75 8773.25 9071.75 9065.0 257
Rojo 20200430 2600 9118.75 8773.25 9071.0 9069.25 42
Rojo 20200430 2800 9118.75 8773.25 9074.0 9073.0 22
Rojo 20200430 3012 9118.75 8773.25 9073.75 9073.25 29
Rojo 20200430 3100 9118.75 8773.25 9073.25 9072.0 59
Rojo 20200430 3200 9118.75 8773.25 9072.0 9068.0 73
Rojo 20200430 3300 9118.75 8773.25 9068.0 9062.25 187
Rojo 20200430 3400 9118.75 8773.25 9062.25 9061.0 177
Rojo 20200430 3501 9118.75 8773.25 9061.0 9060.0 54
Rojo 20200430 3701 9118.75 8773.25 9060.5 9060.0 46
Rojo 20200430 3903 9118.75 8773.25 9061.5 9061.5 96
Rojo 20200430 4000 9118.75 8773.25 9061.5 9055.0 246
Rojo 20200430 4100 9118.75 8773.25 9055.0 9054.5 58
Rojo 20200430 4200 9118.75 8773.25 9054.5 9052.0 130
Rojo 20200430 4505 9118.75 8773.25 9056.5 9053.5 62
Rojo 20200430 4602 9118.75 8773.25 9053.5 9051.0 235
Rojo 20200430 4800 9118.75 8773.25 9056.0 9054.25 54
Rojo 20200430 5304 9118.75 8773.25 9059.5 9058.5 86
Rojo 20200430 5401 9118.75 8773.25 9058.5 9058.0 15
Rojo 20200430 5500 9118.75 8773.25 9058.0 9054.0 33
Rojo 20200430 5900 9118.75 8773.25 9062.25 9061.5 74
Rojo 20200430 10002 9118.75 8773.25 9061.5 9061.25 69
Rojo 20200430 10201 9118.75 8773.25 9070.25 9069.0 101
Rojo 20200430 10300 9118.75 8773.25 9069.0 9068.0 84
Rojo 20200430 10500 9118.75 8773.25 9070.0 9066.75 75
Rojo 20200430 10900 9118.75 8773.25 9074.0 9072.75 63
Rojo 20200430 11001 9118.75 8773.25 9072.75 9071.25 188
Rojo 20200430 11100 9118.75 8773.25 9071.25 9070.75 58
Rojo 20200430 11201 9118.75 8773.25 9070.75 9067.5 49
Rojo 20200430 11300 9118.75 8773.25 9067.5 9065.75 121
Rojo 20200430 11401 9118.75 8773.25 9065.75 9059.0 187
Rojo 20200430 11800 9118.75 8773.25 9065.5 9062.25 57
Rojo 20200430 12200 9118.75 8773.25 9070.0 9066.75 108
Rojo 20200430 12301 9118.75 8773.25 9066.75 9066.75 24
Rojo 20200430 12401 9118.75 8773.25 9066.75 9065.0 117
Rojo 20200430 12601 9118.75 8773.25 9065.75 9065.0 50
Rojo 20200430 13200 9118.75 8773.25 9076.25 9074.75 94
Rojo 20200430 13300 9118.75 8773.25 9074.75 9073.75 55
Rojo 20200430 13500 9118.75 8773.25 9074.5 9072.5 58
Rojo 20200430 13601 9118.75 8773.25 9072.5 9068.0 103
Rojo 20200430 14000 9118.75 8773.25 9074.0 9071.0 79
Rojo 20200430 14100 9118.75 8773.25 9071.0 9070.75 38
Rojo 20200430 14200 9118.75 8773.25 9070.75 9067.0 80
Rojo 20200430 14500 9118.75 8773.25 9069.75 9061.0 234
Rojo 20200430 14600 9118.75 8773.25 9061.0 9057.75 107
Rojo 20200430 14901 9118.75 8773.25 9062.25 9059.0 98
Rojo 20200430 15002 9118.75 8773.25 9059.0 9059.0 74
Rojo 20200430 15305 9118.75 8773.25 9064.0 9064.0 31
Rojo 20200430 15501 9118.75 8773.25 9065.75 9065.75 57
Rojo 20200430 15603 9118.75 8773.25 9065.75 9065.25 35
Rojo 20200430 15802 9118.75 8773.25 9069.0 9067.25 55
Rojo 20200430 20000 9118.75 8773.25 9068.25 9068.0 100
Rojo 20200430 20100 9118.75 8773.25 9068.0 9063.75 42
Rojo 20200430 20404 9118.75 8773.25 9071.0 9069.5 43
Rojo 20200430 20603 9118.75 8773.25 9071.25 9068.0 39
Rojo 20200430 21006 9118.75 8773.25 9078.75 9076.75 92
Rojo 20200430 21200 9118.75 8773.25 9079.25 9079.25 63
Rojo 20200430 21400 9118.75 8773.25 9079.5 9078.0 54
Rojo 20200430 21601 9118.75 8773.25 9082.25 9082.25 29
Rojo 20200430 21700 9118.75 8773.25 9082.25 9079.25 71
Rojo 20200430 22000 9118.75 8773.25 9082.5 9081.0 47
Rojo 20200430 22100 9118.75 8773.25 9081.0 9080.5 24
Rojo 20200430 22200 9118.75 8773.25 9080.5 9077.25 76
Rojo 20200430 22301 9118.75 8773.25 9077.25 9076.75 32
Rojo 20200430 22403 9118.75 8773.25 9076.75 9075.75 115
Rojo 20200430 22702 9118.75 8773.25 9078.75 9077.75 37
Rojo 20200430 23000 9118.75 8773.25 9083.5 9082.25 101
Rojo 20200430 23100 9118.75 8773.25 9082.25 9079.75 29
Rojo 20200430 23200 9118.75 8773.25 9079.75 9079.0 16
Rojo 20200430 23600 9118.75 8773.25 9081.5 9081.5 30
Rojo 20200430 24200 9118.75 8773.25 9095.0 9094.75 57
Rojo 20200430 24300 9118.75 8773.25 9094.75 9094.25 124
Rojo 20200430 24403 9118.75 8773.25 9094.25 9090.0 57
Rojo 20200430 24500 9118.75 8773.25 9090.0 9089.0 67
Rojo 20200430 24701 9118.75 8773.25 9091.5 9091.5 20
Rojo 20200430 24805 9118.75 8773.25 9091.5 9089.5 21
Rojo 20200430 25000 9118.75 8773.25 9089.75 9085.75 177
Rojo 20200430 25202 9118.75 8773.25 9088.5 9088.0 23
Rojo 20200430 25300 9118.75 8773.25 9088.0 9087.5 21
Rojo 20200430 25508 9118.75 8773.25 9088.75 9087.75 20
Rojo 20200430 25612 9118.75 8773.25 9087.75 9086.75 23
Rojo 20200430 25700 9118.75 8773.25 9086.75 9086.25 45
Rojo 20200430 25806 9118.75 8773.25 9086.25 9084.0 59
Rojo 20200430 30004 9118.75 8773.25 9085.5 9084.75 37
Rojo 20200430 30203 9118.75 8773.25 9086.0 9083.25 105
Rojo 20200430 30301 9118.75 8773.25 9083.25 9083.0 19
Rojo 20200430 30403 9118.75 8773.25 9083.0 9081.75 25
Rojo 20200430 30701 9118.75 8773.25 9084.75 9083.25 11
Rojo 20200430 31100 9118.75 8773.25 9086.5 9086.5 45
Rojo 20200430 31300 9118.75 8773.25 9088.0 9087.25 21
Rojo 20200430 31601 9118.75 8773.25 9088.5 9085.25 41
Rojo 20200430 31703 9118.75 8773.25 9085.25 9082.25 56
Rojo 20200430 31802 9118.75 8773.25 9082.25 9080.25 49
Rojo 20200430 32014 9118.75 8773.25 9083.25 9082.25 40
Rojo 20200430 32102 9118.75 8773.25 9082.25 9081.25 18
Rojo 20200430 32501 9118.75 8773.25 9085.0 9084.75 10
Rojo 20200430 32700 9118.75 8773.25 9089.75 9087.5 56
Rojo 20200430 33000 9118.75 8773.25 9092.75 9091.75 60
Rojo 20200430 33100 9118.75 8773.25 9091.75 9090.75 90
Rojo 20200430 33203 9118.75 8773.25 9090.75 9090.25 52
Rojo 20200430 33301 9118.75 8773.25 9090.25 9089.75 42
Rojo 20200430 33502 9118.75 8773.25 9091.5 9090.5 23
Rojo 20200430 34500 9118.75 8773.25 9105.25 9104.5 64
Rojo 20200430 34800 9118.75 8773.25 9112.75 9109.75 65
Rojo 20200430 35200 9118.75 8773.25 9116.25 9115.5 77
Rojo 20200430 35400 9126.5 8773.25 9121.5 9117.25 233
Rojo 20200430 35500 9126.5 8773.25 9117.25 9114.25 119
Rojo 20200430 35902 9126.5 8773.25 9119.25 9117.25 42
Rojo 20200430 40000 9126.5 8773.25 9117.25 9115.0 60
Rojo 20200430 40101 9126.5 8773.25 9115.0 9112.5 71
Rojo 20200430 40401 9126.5 8773.25 9116.25 9116.25 72
Rojo 20200430 40517 9126.5 8773.25 9116.25 9112.5 44
Rojo 20200430 40702 9126.5 8773.25 9113.0 9113.0 40
Rojo 20200430 40900 9126.5 8773.25 9117.75 9117.25 30
Rojo 20200430 41001 9126.5 8773.25 9117.25 9115.0 45
Rojo 20200430 41203 9126.5 8773.25 9116.75 9114.75 28
Rojo 20200430 41300 9126.5 8773.25 9114.75 9114.25 39
Rojo 20200430 41501 9126.5 8773.25 9116.75 9114.25 26
Rojo 20200430 41801 9126.5 8773.25 9118.25 9112.25 47
Rojo 20200430 41904 9126.5 8773.25 9112.25 9111.0 61
Rojo 20200430 42200 9126.5 8773.25 9117.0 9112.25 36
Rojo 20200430 42304 9126.5 8773.25 9112.25 9111.75 31
Rojo 20200430 42401 9126.5 8773.25 9111.75 9111.5 27
Rojo 20200430 42504 9126.5 8773.25 9111.5 9110.75 25
Rojo 20200430 43000 9140.0 8773.25 9137.75 9132.25 213
Rojo 20200430 43100 9140.0 8773.25 9132.25 9129.0 113
Rojo 20200430 43400 9145.0 8773.25 9144.25 9141.0 95
Rojo 20200430 43504 9145.0 8773.25 9141.0 9141.0 38
Rojo 20200430 43611 9145.0 8773.25 9141.0 9140.0 37
Rojo 20200430 43700 9145.0 8773.25 9140.0 9135.5 91
Rojo 20200430 43800 9145.0 8773.25 9135.5 9134.75 61
Rojo 20200430 43902 9145.0 8773.25 9134.75 9132.75 59
Rojo 20200430 44104 9145.0 8773.25 9133.5 9133.25 50
Rojo 20200430 44308 9145.0 8773.25 9134.25 9133.5 29
Rojo 20200430 44405 9145.0 8773.25 9133.5 9133.0 59
Rojo 20200430 44501 9145.0 8773.25 9133.0 9132.25 66
Rojo 20200430 44601 9145.0 8773.25 9132.25 9128.5 126
Rojo 20200430 44800 9145.0 8773.25 9130.0 9130.0 34
Rojo 20200430 45010 9145.0 8773.25 9131.25 9130.75 35
Rojo 20200430 45200 9145.0 8773.25 9131.0 9127.0 73
Rojo 20200430 45300 9145.0 8773.25 9127.0 9124.0 165
Rojo 20200430 45508 9145.0 8773.25 9127.0 9126.25 101
Rojo 20200430 45700 9145.0 8773.25 9127.75 9125.0 76
Rojo 20200430 50002 9145.0 8773.25 9130.25 9128.75 39
Rojo 20200430 50302 9145.0 8773.25 9132.5 9132.5 28
Rojo 20200430 50401 9145.0 8773.25 9132.5 9130.0 62
Rojo 20200430 50603 9145.0 8773.25 9130.5 9126.0 47
Rojo 20200430 50903 9145.0 8773.25 9133.25 9133.25 89
Rojo 20200430 51000 9145.0 8773.25 9133.25 9133.25 91
Rojo 20200430 51100 9145.0 8773.25 9133.25 9133.25 18
Rojo 20200430 51202 9145.0 8773.25 9133.25 9133.0 73
Rojo 20200430 51403 9145.0 8773.25 9133.25 9133.0 17
Rojo 20200430 51500 9145.0 8773.25 9133.0 9130.25 93
Rojo 20200430 51603 9145.0 8773.25 9130.25 9130.0 38
Rojo 20200430 51821 9145.0 8773.25 9132.5 9128.0 30
Rojo 20200430 51900 9145.0 8773.25 9128.0 9125.25 144
Rojo 20200430 52000 9145.0 8773.25 9125.25 9125.0 43
Rojo 20200430 52101 9145.0 8773.25 9125.0 9124.0 62
Rojo 20200430 52301 9145.0 8773.25 9126.5 9125.75 33
Rojo 20200430 52402 9145.0 8773.25 9125.75 9124.0 67
Rojo 20200430 52500 9145.0 8773.25 9124.0 9119.5 163
Rojo 20200430 52700 9145.0 8773.25 9122.5 9119.75 51
Rojo 20200430 52900 9145.0 8773.25 9121.25 9119.0 49
Rojo 20200430 53300 9145.0 8773.25 9124.5 9123.5 120
Rojo 20200430 53400 9145.0 8773.25 9123.5 9119.75 81
Rojo 20200430 53603 9145.0 8773.25 9121.0 9119.25 83
Rojo 20200430 53700 9145.0 8773.25 9119.25 9118.0 67
Rojo 20200430 54000 9145.0 8773.25 9125.75 9124.5 35
Rojo 20200430 54301 9145.0 8773.25 9128.75 9125.25 60
Rojo 20200430 54507 9145.0 8773.25 9125.5 9125.25 43
Rojo 20200430 54609 9145.0 8773.25 9125.25 9124.75 35
Rojo 20200430 54701 9145.0 8773.25 9124.75 9124.75 58
Rojo 20200430 54808 9145.0 8773.25 9124.75 9124.0 31
Rojo 20200430 54904 9145.0 8773.25 9124.0 9123.0 44
Rojo 20200430 55101 9145.0 8773.25 9125.0 9123.25 36
Rojo 20200430 55201 9145.0 8773.25 9123.25 9123.25 28
Rojo 20200430 55301 9145.0 8773.25 9123.25 9121.75 30
Rojo 20200430 55400 9145.0 8773.25 9121.75 9121.25 102
Rojo 20200430 55702 9145.0 8773.25 9133.25 9132.5 41
Rojo 20200430 55801 9145.0 8773.25 9132.5 9132.25 48
Rojo 20200430 55902 9145.0 8773.25 9132.25 9119.25 142
Rojo 20200430 60000 9145.0 8773.25 9119.25 9110.0 456
Rojo 20200430 60200 9145.0 8773.25 9113.75 9103.75 229
Rojo 20200430 60500 9145.0 8773.25 9112.0 9111.25 227
Rojo 20200430 60601 9145.0 8773.25 9111.25 9107.75 235
Rojo 20200430 60700 9145.0 8773.25 9107.75 9102.75 138
Rojo 20200430 60800 9145.0 8773.25 9102.75 9100.5 179
Rojo 20200430 60900 9145.0 8773.25 9100.5 9098.0 203
Rojo 20200430 61100 9145.0 8773.25 9105.75 9105.25 115
Rojo 20200430 61200 9145.0 8773.25 9105.25 9099.75 186
Rojo 20200430 61300 9145.0 8773.25 9099.75 9098.5 120
Rojo 20200430 61400 9145.0 8773.25 9098.5 9095.0 153
Rojo 20200430 61500 9145.0 8773.25 9095.0 9094.75 162
Rojo 20200430 61600 9145.0 8773.25 9094.75 9094.75 85
Rojo 20200430 61700 9145.0 8773.25 9094.75 9094.5 109
Rojo 20200430 62100 9145.0 8773.25 9098.25 9097.5 98
Rojo 20200430 62300 9145.0 8773.25 9101.25 9097.25 234
Rojo 20200430 62500 9145.0 8773.25 9102.0 9101.75 75
Rojo 20200430 62600 9145.0 8773.25 9101.75 9097.75 82
Rojo 20200430 62700 9145.0 8773.25 9097.75 9096.0 80
Rojo 20200430 63000 9145.0 8773.25 9099.0 9099.0 73
Rojo 20200430 63101 9145.0 8773.25 9099.0 9098.25 61
Rojo 20200430 63200 9145.0 8773.25 9098.25 9095.25 73
Rojo 20200430 63301 9145.0 8773.25 9095.25 9094.75 42
Rojo 20200430 63400 9145.0 8773.25 9094.75 9088.25 268
Rojo 20200430 63500 9145.0 8773.25 9088.25 9086.0 217
Rojo 20200430 63900 9145.0 8773.25 9092.5 9086.25 105
Rojo 20200430 64101 9145.0 8773.25 9092.75 9092.0 56
Rojo 20200430 64203 9145.0 8773.25 9092.0 9089.0 60
Rojo 20200430 64300 9145.0 8773.25 9089.0 9086.25 89
Rojo 20200430 64500 9145.0 8773.25 9092.25 9092.0 112
Rojo 20200430 64600 9145.0 8773.25 9092.0 9087.75 86
Rojo 20200430 65000 9145.0 8773.25 9097.25 9096.75 62
Rojo 20200430 65301 9145.0 8773.25 9103.25 9100.75 48
Rojo 20200430 65400 9145.0 8773.25 9100.75 9097.25 80
Rojo 20200430 65600 9145.0 8773.25 9102.75 9099.0 60
Rojo 20200430 65900 9145.0 8773.25 9106.75 9105.0 139
Rojo 20200430 70000 9145.0 8773.25 9105.0 9092.0 582
Rojo 20200430 70100 9145.0 8773.25 9092.0 9089.5 265
Rojo 20200430 70200 9145.0 8773.25 9089.5 9088.0 204
Rojo 20200430 70300 9145.0 8773.25 9088.0 9084.5 298
Rojo 20200430 70700 9145.0 8773.25 9103.75 9102.0 194
Rojo 20200430 70800 9145.0 8773.25 9102.0 9095.0 232
Rojo 20200430 70900 9145.0 8773.25 9095.0 9092.75 194
Rojo 20200430 71000 9145.0 8773.25 9092.75 9089.75 283
Rojo 20200430 71200 9145.0 8773.25 9092.75 9091.0 132
Rojo 20200430 71500 9145.0 8773.25 9095.0 9083.5 262
Rojo 20200430 71600 9145.0 8773.25 9083.5 9080.25 315
Rojo 20200430 71700 9145.0 8773.25 9080.25 9076.25 262
Rojo 20200430 71900 9145.0 8773.25 9080.5 9080.0 116
Rojo 20200430 72100 9145.0 8773.25 9081.5 9071.75 229
Rojo 20200430 72300 9145.0 8773.25 9075.0 9071.75 124
Rojo 20200430 72500 9145.0 8773.25 9075.25 9074.5 176
Rojo 20200430 72600 9145.0 8773.25 9074.5 9073.25 172
Rojo 20200430 72801 9145.0 8773.25 9074.0 9071.25 125
Rojo 20200430 72901 9145.0 8773.25 9071.25 9069.75 172
Rojo 20200430 73200 9145.0 8773.25 9076.0 9072.25 127
Rojo 20200430 73300 9145.0 8773.25 9072.25 9071.75 121
Rojo 20200430 73501 9145.0 8773.25 9075.0 9074.75 185
Rojo 20200430 73600 9145.0 8773.25 9074.75 9074.0 125
Rojo 20200430 73700 9145.0 8773.25 9074.0 9072.5 131
Rojo 20200430 73802 9145.0 8773.25 9072.5 9070.0 150
Rojo 20200430 74000 9145.0 8773.25 9071.25 9068.25 248
Rojo 20200430 74300 9145.0 8773.25 9080.5 9076.5 166
Rojo 20200430 74700 9145.0 8773.25 9080.75 9079.5 150
Rojo 20200430 74800 9145.0 8773.25 9079.5 9077.75 207
Rojo 20200430 75000 9145.0 8773.25 9083.75 9076.0 347
Rojo 20200430 75200 9145.0 8773.25 9077.25 9077.25 158
Rojo 20200430 75400 9145.0 8773.25 9078.25 9077.25 176
Rojo 20200430 75500 9145.0 8773.25 9077.25 9072.25 298
Rojo 20200430 75600 9145.0 8773.25 9072.25 9065.75 218
Rojo 20200430 80100 9145.0 8773.25 9075.25 9072.25 163
Rojo 20200430 80400 9145.0 8773.25 9079.5 9078.25 90
Rojo 20200430 80600 9145.0 8773.25 9078.5 9075.0 150
Rojo 20200430 80908 9145.0 8773.25 9079.0 9078.0 97
Rojo 20200430 81200 9145.0 8773.25 9081.75 9076.0 141
Rojo 20200430 81302 9145.0 8773.25 9076.0 9075.25 124
Rojo 20200430 81802 9145.0 8773.25 9084.75 9082.5 80
Rojo 20200430 81900 9145.0 8773.25 9082.5 9077.75 183
Rojo 20200430 82000 9145.0 8773.25 9077.75 9074.5 173
Rojo 20200430 82100 9145.0 8773.25 9074.5 9070.5 110
Rojo 20200430 82201 9145.0 8773.25 9070.5 9069.0 110
Rojo 20200430 82400 9145.0 8773.25 9069.5 9069.25 140
Rojo 20200430 82500 9145.0 8773.25 9069.25 9068.25 55
Rojo 20200430 82800 9145.0 8773.25 9073.25 9072.5 229
Rojo 20200430 83200 9145.0 8773.25 9086.5 9084.25 286
Rojo 20200430 83401 9145.0 8773.25 9091.5 9088.25 193
Rojo 20200430 83602 9145.0 8773.25 9088.5 9086.75 110
Rojo 20200430 83801 9145.0 8773.25 9087.75 9086.75 101
Rojo 20200430 83900 9145.0 8773.25 9086.75 9086.75 53
Rojo 20200430 84000 9145.0 8773.25 9086.75 9086.5 51
Rojo 20200430 84201 9145.0 8773.25 9089.75 9085.75 103
Rojo 20200430 84501 9145.0 8773.25 9089.5 9089.0 95
Rojo 20200430 84700 9145.0 8773.25 9092.75 9090.0 100
Rojo 20200430 84900 9145.0 8773.25 9091.0 9091.0 35
Rojo 20200430 85001 9145.0 8773.25 9091.0 9089.25 65
Rojo 20200430 85200 9145.0 8773.25 9090.0 9082.75 138
Rojo 20200430 85501 9145.0 8773.25 9084.5 9081.5 67
Rojo 20200430 85600 9145.0 8773.25 9081.5 9077.75 183
Rojo 20200430 85801 9145.0 8773.25 9078.75 9072.0 146
Rojo 20200430 85900 9145.0 8773.25 9072.0 9071.5 224
Rojo 20200430 90100 9145.0 8773.25 9074.75 9074.5 175
Rojo 20200430 90500 9145.0 8773.25 9078.0 9073.25 136
Rojo 20200430 90700 9145.0 8773.25 9075.0 9073.75 106
Rojo 20200430 90900 9145.0 8773.25 9076.75 9076.5 65
Rojo 20200430 91200 9145.0 8773.25 9080.5 9076.75 70
Rojo 20200430 91300 9145.0 8773.25 9076.75 9076.25 57
Rojo 20200430 91500 9145.0 8773.25 9079.75 9077.5 73
Rojo 20200430 91600 9145.0 8773.25 9077.5 9077.5 35
Rojo 20200430 91901 9145.0 8773.25 9085.0 9081.0 94
Rojo 20200430 92100 9145.0 8773.25 9081.75 9081.0 43
Rojo 20200430 92200 9145.0 8773.25 9081.0 9078.75 78
Rojo 20200430 92300 9145.0 8773.25 9078.75 9078.25 84
Rojo 20200430 92701 9145.0 8773.25 9084.0 9083.5 46
Rojo 20200430 93001 9145.0 8773.25 9087.5 9084.0 122
Rojo 20200430 93102 9145.0 8773.25 9084.0 9082.25 90
Rojo 20200430 93400 9145.0 8773.25 9092.0 9091.75 131
Rojo 20200430 93500 9145.0 8773.25 9091.75 9089.75 79
Rojo 20200430 93600 9145.0 8773.25 9089.75 9089.75 91
Rojo 20200430 93700 9145.0 8773.25 9089.75 9087.75 64
Rojo 20200430 93800 9145.0 8773.25 9087.75 9086.5 96
Rojo 20200430 94100 9145.0 8773.25 9093.0 9089.5 71
Rojo 20200430 94200 9145.0 8773.25 9089.5 9088.75 57
Rojo 20200430 94500 9145.0 8773.25 9091.0 9090.75 151
Rojo 20200430 94801 9145.0 8773.25 9092.75 9092.25 59
Rojo 20200430 95001 9145.0 8773.25 9093.75 9093.25 53
Rojo 20200430 95100 9145.0 8773.25 9093.25 9090.25 103
Rojo 20200430 95401 9145.0 8773.25 9091.0 9087.25 91
Rojo 20200430 95603 9145.0 8773.25 9090.25 9089.0 92
Rojo 20200430 100100 9145.0 8773.25 9103.0 9100.5 122
Rojo 20200430 100300 9145.0 8773.25 9101.5 9099.25 265
Rojo 20200430 100400 9145.0 8773.25 9099.25 9098.0 244
Rojo 20200430 100500 9145.0 8773.25 9098.0 9096.25 155
Rojo 20200430 100600 9145.0 8773.25 9096.25 9096.25 132
Rojo 20200430 100704 9145.0 8773.25 9096.25 9094.25 52
Rojo 20200430 100800 9145.0 8773.25 9094.25 9091.75 121
Rojo 20200430 101000 9145.0 8773.25 9093.0 9092.75 44
Rojo 20200430 101106 9145.0 8773.25 9092.75 9090.25 56
Rojo 20200430 101200 9145.0 8773.25 9090.25 9090.25 96
Rojo 20200430 101300 9145.0 8773.25 9090.25 9085.75 178
Rojo 20200430 101500 9145.0 8773.25 9087.5 9081.5 164
Rojo 20200430 101700 9145.0 8773.25 9083.25 9074.0 257
Rojo 20200430 102102 9145.0 8773.25 9079.75 9077.25 127
Rojo 20200430 102501 9145.0 8773.25 9085.25 9081.0 95
Rojo 20200430 102602 9145.0 8773.25 9081.0 9078.5 142
Rojo 20200430 102701 9145.0 8773.25 9078.5 9073.0 124
Rojo 20200430 102900 9145.0 8773.25 9077.5 9075.5 86
Rojo 20200430 103002 9145.0 8773.25 9075.5 9066.75 209
Rojo 20200430 103200 9145.0 8773.25 9068.25 9065.75 167
Rojo 20200430 103502 9145.0 8773.25 9069.75 9068.25 60
Rojo 20200430 103800 9145.0 8773.25 9070.75 9070.25 103
Rojo 20200430 103902 9145.0 8773.25 9070.25 9068.75 89
Rojo 20200430 104004 9145.0 8773.25 9068.75 9068.25 54
Rojo 20200430 104100 9145.0 8773.25 9068.25 9067.25 125
Rojo 20200430 104300 9145.0 8773.25 9071.0 9066.25 163
Rojo 20200430 104400 9145.0 8773.25 9066.25 9064.0 254
Rojo 20200430 104500 9145.0 8773.25 9064.0 9063.5 344
Rojo 20200430 104600 9145.0 8773.25 9063.5 9063.5 104
Rojo 20200430 104700 9145.0 8773.25 9063.5 9060.75 217
Rojo 20200430 104800 9145.0 8773.25 9060.75 9056.25 177
Rojo 20200430 104900 9145.0 8773.25 9056.25 9055.75 224
Rojo 20200430 105100 9145.0 8773.25 9056.0 9052.0 205
Rojo 20200430 105200 9145.0 8773.25 9052.0 9048.75 530
Rojo 20200430 105300 9145.0 8773.25 9048.75 9045.0 472
Rojo 20200430 105801 9145.0 8773.25 9054.75 9054.75 109
Rojo 20200430 110200 9145.0 8773.25 9059.75 9059.0 244
Rojo 20200430 110301 9145.0 8773.25 9059.0 9055.75 246
Rojo 20200430 110501 9145.0 8773.25 9062.5 9061.0 127
Rojo 20200430 110600 9145.0 8773.25 9061.0 9060.25 176
Rojo 20200430 110700 9145.0 8773.25 9060.25 9058.5 174
Rojo 20200430 110801 9145.0 8773.25 9058.5 9058.0 111
Rojo 20200430 110902 9145.0 8773.25 9058.0 9056.25 143
Rojo 20200430 111000 9145.0 8773.25 9056.25 9051.5 290
Rojo 20200430 111100 9145.0 8773.25 9051.5 9050.75 227
Rojo 20200430 111301 9145.0 8773.25 9051.75 9050.25 158
Rojo 20200430 111800 9145.0 8773.25 9061.75 9060.75 105
Rojo 20200430 111900 9145.0 8773.25 9060.75 9059.75 103
Rojo 20200430 112100 9145.0 8773.25 9060.25 9059.5 142
Rojo 20200430 112200 9145.0 8773.25 9059.5 9057.0 120
Rojo 20200430 112300 9145.0 8773.25 9057.0 9050.0 372
Rojo 20200430 112700 9145.0 8773.25 9052.5 9049.25 111
Rojo 20200430 112901 9145.0 8773.25 9051.0 9049.75 216
Rojo 20200430 113200 9145.0 8773.25 9059.75 9058.5 124
Rojo 20200430 113400 9145.0 8773.25 9058.75 9055.5 82
Rojo 20200430 113500 9145.0 8773.25 9055.5 9051.75 223
Rojo 20200430 114500 9145.0 8773.25 9076.5 9073.75 167
Rojo 20200430 114601 9145.0 8773.25 9073.75 9066.0 569
Rojo 20200430 114700 9145.0 8773.25 9066.0 9065.25 376
Rojo 20200430 114800 9145.0 8773.25 9065.25 9058.5 887
Rojo 20200430 115000 9145.0 8773.25 9061.25 9058.0 486
Rojo 20200430 115200 9145.0 8773.25 9065.5 9063.25 328
Rojo 20200430 115400 9145.0 8773.25 9066.0 9060.75 296
Rojo 20200430 115500 9145.0 8773.25 9060.75 9055.5 341
Rojo 20200430 115600 9145.0 8773.25 9055.5 9051.5 441
Rojo 20200430 115700 9145.0 8773.25 9051.5 9049.5 370
Rojo 20200430 115800 9145.0 8773.25 9049.5 9047.25 267
Rojo 20200430 120000 9145.0 8773.25 9047.5 9042.25 552
Rojo 20200430 120200 9145.0 8773.25 9043.25 9043.25 351
Rojo 20200430 120400 9145.0 8773.25 9048.75 9048.25 215
Rojo 20200430 120700 9145.0 8773.25 9058.75 9057.0 219
Rojo 20200430 120900 9145.0 8773.25 9058.0 9058.0 162
Rojo 20200430 121000 9145.0 8773.25 9058.0 9057.75 215
Rojo 20200430 121100 9145.0 8773.25 9057.75 9054.75 207
Rojo 20200430 121200 9145.0 8773.25 9054.75 9054.5 116
Rojo 20200430 121300 9145.0 8773.25 9054.5 9052.75 101
Rojo 20200430 121400 9145.0 8773.25 9052.75 9048.25 266
Rojo 20200430 121500 9145.0 8773.25 9048.25 9044.75 209
Rojo 20200430 121601 9145.0 8773.25 9044.75 9039.75 335
Rojo 20200430 121700 9145.0 8773.25 9039.75 9037.75 335
Rojo 20200430 121800 9145.0 8773.25 9037.75 9034.0 429
Rojo 20200430 121900 9145.0 8773.25 9034.0 9030.75 378
Rojo 20200430 122000 9145.0 8773.25 9030.75 9025.75 699
Rojo 20200430 122700 9145.0 8773.25 9047.5 9044.25 179
Rojo 20200430 122800 9145.0 8773.25 9044.25 9042.0 114
Rojo 20200430 122901 9145.0 8773.25 9042.0 9041.75 113
Rojo 20200430 123200 9145.0 8773.25 9056.5 9054.0 331
Rojo 20200430 123300 9145.0 8773.25 9054.0 9054.0 272
Rojo 20200430 123401 9145.0 8773.25 9054.0 9050.5 279
Rojo 20200430 123500 9145.0 8773.25 9050.5 9049.0 197
Rojo 20200430 123700 9145.0 8773.25 9053.0 9045.5 482
Rojo 20200430 123800 9145.0 8773.25 9045.5 9032.0 644
Rojo 20200430 123900 9145.0 8773.25 9032.0 9027.25 657
Rojo 20200430 124000 9145.0 8773.25 9027.25 9022.0 832
Rojo 20200430 124200 9145.0 8773.25 9022.25 9020.0 373
Rojo 20200430 124400 9145.0 8773.25 9027.75 9025.25 214
Rojo 20200430 124501 9145.0 8773.25 9025.25 9024.75 267
Rojo 20200430 124600 9145.0 8773.25 9024.75 9022.0 200
Rojo 20200430 124800 9145.0 8773.25 9026.5 9021.25 245
Rojo 20200430 124900 9145.0 8773.25 9021.25 9013.25 585
Rojo 20200430 125000 9145.0 8773.25 9013.25 9012.75 652
Rojo 20200430 125100 9145.0 8773.25 9012.75 9009.75 407
Rojo 20200430 125200 9145.0 8773.25 9009.75 9009.75 592
Rojo 20200430 125500 9145.0 8773.25 9017.25 9016.0 476
Rojo 20200430 125600 9145.0 8773.25 9016.0 9012.25 409
Rojo 20200430 125700 9145.0 8773.25 9012.25 9011.0 342
Rojo 20200430 125800 9145.0 8773.25 9011.0 9003.25 700
Rojo 20200430 125900 9145.0 8773.25 9003.25 8993.0 1155
Rojo 20200430 130000 9145.0 8773.25 8993.0 8992.25 803
Rojo 20200430 130100 9145.0 8773.25 8992.25 8990.0 571
Rojo 20200430 130400 9145.0 8773.25 8994.0 8992.25 383
Rojo 20200430 130500 9145.0 8773.25 8992.25 8979.75 879
Rojo 20200430 130700 9145.0 8773.25 8989.75 8983.25 471
Rojo 20200430 130800 9145.0 8773.25 8983.25 8982.75 358
Rojo 20200430 131200 9145.0 8773.25 8995.75 8994.5 341
Rojo 20200430 131500 9145.0 8773.25 9000.5 8998.0 429
Rojo 20200430 131600 9145.0 8773.25 8998.0 8996.75 350
Rojo 20200430 131800 9145.0 8773.25 9004.75 9002.0 364
Rojo 20200430 132000 9145.0 8773.25 9009.5 9007.0 653
Rojo 20200430 132100 9145.0 8773.25 9007.0 9006.75 341
Rojo 20200430 132400 9145.0 8773.25 9012.0 9009.0 293
Rojo 20200430 132500 9145.0 8773.25 9009.0 9006.75 540
Rojo 20200430 132800 9145.0 8773.25 9013.5 9008.25 502
Rojo 20200430 133000 9145.0 8773.25 9016.25 9002.0 3787
Rojo 20200430 133100 9145.0 8773.25 9002.0 8989.75 2488
Rojo 20200430 133200 9145.0 8773.25 8989.75 8984.0 2661
Rojo 20200430 133300 9145.0 8773.25 8984.0 8983.75 1663
Rojo 20200430 133400 9145.0 8773.25 8983.75 8974.75 1554
Rojo 20200430 133500 9145.0 8773.25 8974.75 8963.25 1924
Rojo 20200430 133600 9145.0 8773.25 8963.25 8943.5 2511
Rojo 20200430 134000 9145.0 8773.25 8960.0 8951.25 1378
Rojo 20200430 134200 9145.0 8773.25 8964.5 8961.25 1200
Rojo 20200430 134400 9145.0 8773.25 8972.75 8967.25 1410
Rojo 20200430 134900 9145.0 8773.25 8990.75 8984.25 1482
Rojo 20200430 135200 9145.0 8773.25 8997.5 8994.25 984
Rojo 20200430 135400 9145.0 8773.25 9001.5 9000.75 1033
Rojo 20200430 135500 9145.0 8773.25 9000.75 8994.0 884
Rojo 20200430 135900 9145.0 8773.25 9005.75 8996.75 1009
Rojo 20200430 140100 9145.0 8773.25 9004.0 8995.25 1318
Rojo 20200430 140300 9145.0 8773.25 8997.75 8994.25 1197
Rojo 20200430 140400 9145.0 8773.25 8994.25 8984.25 1796
Rojo 20200430 140700 9145.0 8773.25 9011.0 9003.25 1010
Rojo 20200430 140800 9145.0 8773.25 9003.25 9002.5 844
Rojo 20200430 140900 9145.0 8773.25 9002.5 9001.75 1023
Rojo 20200430 141100 9145.0 8773.25 9009.25 9007.25 1033
Rojo 20200430 141200 9145.0 8773.25 9007.25 9002.5 883
Rojo 20200430 141400 9145.0 8773.25 9005.25 8997.25 908
Rojo 20200430 141500 9145.0 8773.25 8997.25 8997.25 951
Rojo 20200430 141600 9145.0 8773.25 8997.25 8989.5 1238
Rojo 20200430 141700 9145.0 8773.25 8989.5 8986.0 1035
Rojo 20200430 141900 9145.0 8773.25 8993.5 8990.5 806
Rojo 20200430 142000 9145.0 8773.25 8990.5 8986.75 960
Rojo 20200430 142100 9145.0 8773.25 8986.75 8985.75 740
Rojo 20200430 142200 9145.0 8773.25 8985.75 8978.5 1296
Rojo 20200430 142300 9145.0 8773.25 8978.5 8976.25 1525
Rojo 20200430 142400 9145.0 8773.25 8976.25 8969.25 1229
Rojo 20200430 142600 9145.0 8773.25 8974.5 8969.25 845
Rojo 20200430 143000 9145.0 8773.25 9003.5 8999.5 1081
Rojo 20200430 143300 9145.0 8773.25 9006.0 8996.25 902
Rojo 20200430 143600 9145.0 8773.25 9001.5 8988.5 1176
Rojo 20200430 143800 9145.0 8773.25 8989.75 8984.25 808
Rojo 20200430 143900 9145.0 8773.25 8984.25 8981.75 712
Rojo 20200430 144000 9145.0 8773.25 8981.75 8976.75 911
Rojo 20200430 144200 9145.0 8773.25 8977.25 8970.5 793
Rojo 20200430 144300 9145.0 8773.25 8970.5 8957.0 1290
Rojo 20200430 144400 9145.0 8773.25 8957.0 8949.75 1262
Rojo 20200430 144700 9145.0 8773.25 8958.0 8956.75 618
Rojo 20200430 145100 9145.0 8773.25 8969.25 8959.75 752
Rojo 20200430 145200 9145.0 8773.25 8959.75 8958.75 759
Rojo 20200430 145500 9145.0 8773.25 8971.25 8971.0 801
Rojo 20200430 145700 9145.0 8773.25 8976.75 8975.5 591
Rojo 20200430 145800 9145.0 8773.25 8975.5 8972.5 788
Rojo 20200430 145900 9145.0 8773.25 8972.5 8969.0 704
Rojo 20200430 150400 9145.0 8773.25 9002.5 8996.75 571
Rojo 20200430 150500 9145.0 8773.25 8996.75 8992.25 541
Rojo 20200430 151000 9145.0 8773.25 8999.25 8997.75 699
Rojo 20200430 151100 9145.0 8773.25 8997.75 8994.5 656
Rojo 20200430 151200 9145.0 8773.25 8994.5 8994.25 547
Rojo 20200430 151300 9145.0 8773.25 8994.25 8989.25 832
Rojo 20200430 151400 9145.0 8773.25 8989.25 8988.0 859
Rojo 20200430 151600 9145.0 8773.25 8991.25 8981.25 1054
Rojo 20200430 151900 9145.0 8773.25 8986.25 8981.75 782
Rojo 20200430 152000 9145.0 8773.25 8981.75 8979.0 965
Rojo 20200430 152200 9145.0 8773.25 8984.0 8982.0 578
Rojo 20200430 152300 9145.0 8773.25 8982.0 8976.5 665
Rojo 20200430 152600 9145.0 8773.25 8978.25 8976.5 499
Rojo 20200430 152800 9145.0 8773.25 8978.5 8971.0 799
Rojo 20200430 153200 9145.0 8773.25 8976.75 8976.5 510
Rojo 20200430 153400 9145.0 8773.25 8978.5 8973.75 672
Rojo 20200430 153600 9145.0 8773.25 8976.5 8975.5 618
Rojo 20200430 153700 9145.0 8773.25 8975.5 8963.5 818
Rojo 20200430 154100 9145.0 8773.25 8980.5 8978.0 448
Rojo 20200430 154400 9145.0 8773.25 8980.5 8977.0 327
Rojo 20200430 154500 9145.0 8773.25 8977.0 8974.5 659
Rojo 20200430 154600 9145.0 8773.25 8974.5 8968.25 633
Rojo 20200430 154700 9145.0 8773.25 8968.25 8952.75 1023
Rojo 20200430 154800 9145.0 8773.25 8952.75 8952.75 744
Rojo 20200430 154900 9145.0 8773.25 8952.75 8949.25 701
Rojo 20200430 155200 9145.0 8773.25 8955.25 8953.75 789
Rojo 20200430 155300 9145.0 8773.25 8953.75 8951.75 506
Rojo 20200430 155400 9145.0 8773.25 8951.75 8946.5 747
Rojo 20200430 155800 9145.0 8773.25 8963.5 8949.5 1443
Rojo 20200430 155900 9145.0 8773.25 8949.5 8940.75 655
Rojo 20200430 160000 9145.0 8773.25 8940.75 8936.5 1504
Rojo 20200430 160100 9145.0 8773.25 8936.5 8919.75 2255
Rojo 20200430 160200 9145.0 8773.25 8919.75 8918.0 1485
Rojo 20200430 160500 9145.0 8773.25 8928.0 8924.5 1014
Rojo 20200430 160800 9145.0 8773.25 8936.5 8928.25 910
Rojo 20200430 161200 9145.0 8773.25 8939.5 8938.0 691
Rojo 20200430 161400 9145.0 8773.25 8939.25 8939.0 370
Rojo 20200430 161500 9145.0 8773.25 8939.0 8934.0 701
Rojo 20200430 161600 9145.0 8773.25 8934.0 8933.5 619
Rojo 20200430 161700 9145.0 8773.25 8933.5 8932.0 455
Rojo 20200430 161800 9145.0 8773.25 8932.0 8931.75 557
Rojo 20200430 161900 9145.0 8773.25 8931.75 8929.25 466
Rojo 20200430 162000 9145.0 8773.25 8929.25 8923.5 599
Rojo 20200430 162100 9145.0 8773.25 8923.5 8919.5 684
Rojo 20200430 162200 9145.0 8773.25 8919.5 8917.25 629
Rojo 20200430 162400 9145.0 8773.25 8925.5 8921.5 586
Rojo 20200430 162700 9145.0 8773.25 8928.5 8927.5 412
Rojo 20200430 162800 9145.0 8773.25 8927.5 8916.5 735
Rojo 20200430 163000 9145.0 8773.25 8921.75 8909.0 1109
Rojo 20200430 163100 9145.0 8773.25 8909.0 8908.25 717
Rojo 20200430 163400 9145.0 8773.25 8912.0 8910.25 351
Rojo 20200430 163800 9145.0 8773.25 8923.75 8921.5 485
Rojo 20200430 164000 9145.0 8773.25 8923.5 8921.5 662
Rojo 20200430 164100 9145.0 8773.25 8921.5 8921.5 833
Rojo 20200430 164300 9145.0 8773.25 8925.5 8921.25 306
Rojo 20200430 164400 9145.0 8773.25 8921.25 8915.75 405
Rojo 20200430 164600 9145.0 8773.25 8916.5 8910.5 441
Rojo 20200430 165000 9145.0 8773.25 8930.25 8928.0 410
Rojo 20200430 165500 9145.0 8773.25 8935.75 8934.0 366
Rojo 20200430 165800 9145.0 8773.25 8946.0 8943.5 451
Rojo 20200430 170000 9145.0 8773.25 8944.5 8937.0 540
Rojo 20200430 170300 9145.0 8773.25 8940.75 8938.0 404
Rojo 20200430 170400 9145.0 8773.25 8938.0 8933.0 489
Rojo 20200430 170500 9145.0 8773.25 8933.0 8932.0 526
Rojo 20200430 170700 9145.0 8773.25 8939.5 8938.25 348
Rojo 20200430 170900 9145.0 8773.25 8943.0 8942.5 425
Rojo 20200430 171000 9145.0 8773.25 8942.5 8942.25 643
Rojo 20200430 171100 9145.0 8773.25 8942.25 8942.25 637
Rojo 20200430 171500 9145.0 8773.25 8955.25 8954.75 698
Rojo 20200430 171600 9145.0 8773.25 8954.75 8951.75 313
Rojo 20200430 171700 9145.0 8773.25 8951.75 8948.5 436
Rojo 20200430 171900 9145.0 8773.25 8949.0 8945.25 470
Rojo 20200430 172101 9145.0 8773.25 8945.75 8942.0 265
Rojo 20200430 172300 9145.0 8773.25 8943.5 8941.5 476
Rojo 20200430 172400 9145.0 8773.25 8941.5 8939.25 316
Rojo 20200430 172500 9145.0 8773.25 8939.25 8935.5 495
Rojo 20200430 172800 9145.0 8773.25 8944.25 8942.75 407
Rojo 20200430 172900 9145.0 8773.25 8942.75 8934.75 493
Rojo 20200430 173000 9145.0 8773.25 8934.75 8929.75 928
Rojo 20200430 173400 9145.0 8773.25 8941.0 8937.75 424
Rojo 20200430 173600 9145.0 8773.25 8946.0 8939.0 308
Rojo 20200430 173700 9145.0 8773.25 8939.0 8926.25 604
Rojo 20200430 173900 9145.0 8773.25 8928.75 8927.75 377
Rojo 20200430 174001 9145.0 8773.25 8927.75 8920.75 1184
Rojo 20200430 174100 9145.0 8773.25 8920.75 8918.25 378
Rojo 20200430 174300 9145.0 8773.25 8920.25 8919.75 403
Rojo 20200430 174500 9145.0 8773.25 8926.5 8920.25 561
Rojo 20200430 174600 9145.0 8773.25 8920.25 8919.25 344
Rojo 20200430 174901 9145.0 8773.25 8927.5 8927.25 341
Rojo 20200430 175000 9145.0 8773.25 8927.25 8926.0 356
Rojo 20200430 175200 9145.0 8773.25 8930.5 8928.0 376
Rojo 20200430 175300 9145.0 8773.25 8928.0 8924.75 574
Rojo 20200430 175600 9145.0 8773.25 8930.25 8927.75 391
Rojo 20200430 175800 9145.0 8773.25 8928.0 8922.25 325
Rojo 20200430 180100 9145.0 8773.25 8930.5 8920.0 1370
Rojo 20200430 180400 9145.0 8773.25 8938.75 8936.75 498
Rojo 20200430 180500 9145.0 8773.25 8936.75 8934.5 348
Rojo 20200430 180800 9145.0 8773.25 8942.25 8940.25 254
Rojo 20200430 180900 9145.0 8773.25 8940.25 8940.0 307
Rojo 20200430 181500 9145.0 8773.25 8951.25 8945.75 343
Rojo 20200430 181600 9145.0 8773.25 8945.75 8944.5 425
Rojo 20200430 181700 9145.0 8773.25 8944.5 8944.25 257
Rojo 20200430 181800 9145.0 8773.25 8944.25 8940.75 376
Rojo 20200430 181900 9145.0 8773.25 8940.75 8937.75 287
Rojo 20200430 182300 9145.0 8773.25 8944.75 8944.0 215
Rojo 20200430 182400 9145.0 8773.25 8944.0 8943.25 309
Rojo 20200430 182500 9145.0 8773.25 8943.25 8940.25 265
Rojo 20200430 182600 9145.0 8773.25 8940.25 8936.75 255
Rojo 20200430 182700 9145.0 8773.25 8936.75 8933.0 422
Rojo 20200430 182900 9145.0 8773.25 8942.25 8939.75 337
Rojo 20200430 183100 9145.0 8773.25 8945.5 8945.5 407
Rojo 20200430 183300 9145.0 8773.25 8948.0 8947.0 407
Rojo 20200430 183400 9145.0 8773.25 8947.0 8942.5 403
Rojo 20200430 183500 9145.0 8773.25 8942.5 8939.25 273
Rojo 20200430 183700 9145.0 8773.25 8940.0 8934.0 336
Rojo 20200430 183800 9145.0 8773.25 8934.0 8921.5 795
Rojo 20200430 184000 9145.0 8773.25 8926.5 8923.0 468
Rojo 20200430 184100 9145.0 8773.25 8923.0 8921.25 495
Rojo 20200430 184300 9145.0 8773.25 8924.75 8924.75 448
Rojo 20200430 184400 9145.0 8773.25 8924.75 8922.25 472
Rojo 20200430 184700 9145.0 8773.25 8929.0 8927.25 234
Rojo 20200430 184800 9145.0 8773.25 8927.25 8924.5 380
Rojo 20200430 184900 9145.0 8773.25 8924.5 8924.5 262
Rojo 20200430 185100 9145.0 8773.25 8927.5 8926.25 676
Rojo 20200430 185200 9145.0 8773.25 8926.25 8923.25 390
Rojo 20200430 185400 9145.0 8773.25 8924.5 8919.5 393
Rojo 20200430 185600 9145.0 8773.25 8921.5 8918.0 427
Rojo 20200430 185700 9145.0 8773.25 8918.0 8914.5 666
Rojo 20200430 190000 9145.0 8773.25 8922.5 8919.0 647
Rojo 20200430 190100 9145.0 8773.25 8919.0 8917.0 325
Rojo 20200430 190400 9145.0 8773.25 8922.5 8917.75 411
Rojo 20200430 191000 9145.0 8773.25 8936.5 8932.5 413
Rojo 20200430 191200 9145.0 8773.25 8934.75 8931.25 232
Rojo 20200430 191800 9145.0 8773.25 8959.5 8959.25 511
Rojo 20200430 191900 9145.0 8773.25 8959.25 8957.75 370
Rojo 20200430 192400 9145.0 8773.25 8980.5 8978.25 1467
Rojo 20200430 192500 9145.0 8773.25 8978.25 8973.5 467
Rojo 20200430 192600 9145.0 8773.25 8973.5 8969.5 632
Rojo 20200430 192700 9145.0 8773.25 8969.5 8967.75 465
Rojo 20200430 192800 9145.0 8773.25 8967.75 8967.25 300
Rojo 20200430 193200 9145.0 8773.25 8976.5 8972.75 581
Rojo 20200430 193300 9145.0 8773.25 8972.75 8969.75 566
Rojo 20200430 193400 9145.0 8773.25 8969.75 8965.5 578
Rojo 20200430 193500 9145.0 8773.25 8965.5 8960.25 615
Rojo 20200430 193600 9145.0 8773.25 8960.25 8959.5 369
Rojo 20200430 193700 9145.0 8773.25 8959.5 8955.75 726
Rojo 20200430 194000 9145.0 8773.25 8960.0 8957.25 358
Rojo 20200430 194100 9145.0 8773.25 8957.25 8955.75 498
Rojo 20200430 194200 9145.0 8773.25 8955.75 8945.75 1097
Rojo 20200430 194600 9145.0 8773.25 8954.25 8949.0 525
Rojo 20200430 194700 9145.0 8773.25 8949.0 8945.25 460
Rojo 20200430 194900 9145.0 8773.25 8947.0 8941.75 688
Rojo 20200430 195300 9145.0 8773.25 8972.0 8970.75 1262
Rojo 20200430 195600 9145.0 8773.25 8983.0 8982.5 1218
Rojo 20200430 195900 9145.0 8773.25 8993.0 8982.75 7530
Rojo 20200430 200000 9145.0 8773.25 8982.75 8965.0 2853
Rojo 20200430 200100 9145.0 8773.25 8965.0 8923.25 3933
Rojo 20200430 200300 9145.0 8773.25 8932.5 8928.75 1575
Rojo 20200430 200400 9145.0 8773.25 8928.75 8902.75 1700
Rojo 20200430 200500 9145.0 8773.25 8902.75 8880.5 2144
Rojo 20200430 201100 9145.0 8773.25 8931.5 8928.5 574
Rojo 20200430 201201 9145.0 8773.25 8928.5 8927.75 475
Rojo 20200430 201400 9145.0 8773.25 8928.0 8925.25 762
Rojo 20200430 203100 9145.0 8773.25 8945.5 8931.0 963
Rojo 20200430 203300 9145.0 8773.25 8940.5 8924.25 472
Rojo 20200430 203400 9145.0 8773.25 8924.25 8911.75 768
Rojo 20200430 203701 9145.0 8773.25 8922.0 8909.0 460
Rojo 20200430 203800 9145.0 8773.25 8909.0 8898.5 495
Rojo 20200430 204100 9145.0 8773.25 8913.75 8899.5 459
Rojo 20200430 204200 9145.0 8773.25 8899.5 8891.25 395
Rojo 20200430 204300 9145.0 8773.25 8891.25 8874.25 334
Rojo 20200430 204400 9145.0 8773.25 8874.25 8871.0 479
Rojo 20200430 204600 9145.0 8773.25 8884.25 8870.0 203
Rojo 20200430 204701 9145.0 8773.25 8870.0 8862.0 334
Rojo 20200430 204900 9145.0 8773.25 8868.25 8858.75 232
Rojo 20200430 205200 9145.0 8773.25 8877.25 8873.0 86
Rojo 20200430 205301 9145.0 8773.25 8873.0 8872.5 94
Rojo 20200430 205402 9145.0 8773.25 8872.5 8870.0 86
Rojo 20200430 205600 9145.0 8773.25 8872.5 8864.0 126
Rojo 20200430 205902 9145.0 8773.25 8868.75 8847.0 162
Rojo 20200430 220000 9145.0 8773.25 8847.0 8837.25 702
Rojo 20200430 220100 9145.0 8773.25 8837.25 8829.25 420
Rojo 20200430 220200 9145.0 8773.25 8829.25 8820.75 355
Rojo 20200430 220400 9145.0 8773.25 8832.0 8826.5 103
Rojo 20200430 220500 9145.0 8773.25 8826.5 8824.25 182
Rojo 20200430 220700 9145.0 8773.25 8829.0 8826.25 251
Rojo 20200430 220901 9145.0 8773.25 8832.5 8831.75 76
Rojo 20200430 221100 9145.0 8773.25 8835.25 8834.25 103
Rojo 20200430 221200 9145.0 8773.25 8834.25 8830.75 113
Rojo 20200430 221300 9145.0 8773.25 8830.75 8818.25 341
Rojo 20200430 221400 9145.0 8773.25 8818.25 8816.25 348
Rojo 20200430 221500 9145.0 8773.25 8816.25 8809.25 216
Rojo 20200430 221800 9145.0 8773.25 8822.5 8822.0 175
Rojo 20200430 221900 9145.0 8773.25 8822.0 8820.0 167
Rojo 20200430 222300 9145.0 8773.25 8825.5 8819.75 122
Rojo 20200430 222700 9145.0 8773.25 8826.75 8826.75 84
Rojo 20200430 222800 9145.0 8773.25 8826.75 8825.75 71
Rojo 20200430 223100 9145.0 8773.25 8828.75 8826.25 64
Rojo 20200430 223202 9145.0 8773.25 8826.25 8825.0 96
Rojo 20200430 223500 9145.0 8773.25 8828.0 8827.5 25
Rojo 20200430 223602 9145.0 8773.25 8827.5 8825.75 40
Rojo 20200430 223900 9145.0 8773.25 8829.75 8829.0 62
Rojo 20200430 224005 9145.0 8773.25 8829.0 8825.75 64
Rojo 20200430 224101 9145.0 8773.25 8825.75 8817.75 168
Rojo 20200430 224900 9145.0 8773.25 8828.5 8826.75 67
Rojo 20200430 225106 9145.0 8773.25 8829.5 8826.25 19
Rojo 20200430 225206 9145.0 8773.25 8826.25 8822.25 37
Rojo 20200430 225403 9145.0 8773.25 8824.25 8823.25 48
Rojo 20200430 225504 9145.0 8773.25 8823.25 8819.75 52
Rojo 20200430 230000 9145.0 8773.25 8832.0 8831.0 53
Rojo 20200430 230301 9145.0 8773.25 8834.75 8833.25 54
Rojo 20200430 230402 9145.0 8773.25 8833.25 8829.75 50
Rojo 20200430 230601 9145.0 8773.25 8836.5 8836.5 105
Rojo 20200430 230700 9145.0 8773.25 8836.5 8834.75 34
Rojo 20200430 230806 9145.0 8773.25 8834.75 8834.5 86
Rojo 20200430 230902 9145.0 8773.25 8834.5 8830.0 69
Rojo 20200430 231102 9145.0 8773.25 8832.0 8829.5 50
Rojo 20200430 231405 9145.0 8773.25 8836.5 8834.25 35
Rojo 20200430 231600 9145.0 8773.25 8838.0 8836.75 41
Rojo 20200430 232001 9145.0 8773.25 8839.75 8837.25 33
Rojo 20200430 232100 9145.0 8773.25 8837.25 8835.75 32
Rojo 20200430 232400 9145.0 8773.25 8837.5 8836.25 32
Rojo 20200430 232500 9145.0 8773.25 8836.25 8833.75 37
Rojo 20200430 232600 9145.0 8773.25 8833.75 8831.0 62
Rojo 20200430 232700 9145.0 8773.25 8831.0 8830.0 27
Rojo 20200430 232900 9145.0 8773.25 8834.5 8832.5 39
Rojo 20200430 233200 9145.0 8773.25 8841.25 8840.75 82
Rojo 20200430 233300 9145.0 8773.25 8840.75 8837.5 90
Rojo 20200430 233400 9145.0 8773.25 8837.5 8835.75 54
Rojo 20200430 233500 9145.0 8773.25 8835.75 8832.25 137
Rojo 20200430 233604 9145.0 8773.25 8832.25 8830.0 90
Rojo 20200430 233701 9145.0 8773.25 8830.0 8830.0 70
Rojo 20200430 234100 9145.0 8773.25 8834.0 8830.0 44
Rojo 20200430 234200 9145.0 8773.25 8830.0 8826.5 91
Rojo 20200430 234400 9145.0 8773.25 8830.0 8829.25 58
Rojo 20200430 234701 9145.0 8773.25 8836.25 8834.75 46
Rojo 20200430 234801 9145.0 8773.25 8834.75 8831.75 60
Rojo 20200430 235001 9145.0 8773.25 8832.25 8827.5 95
Rojo 20200430 235100 9145.0 8773.25 8827.5 8823.5 211
Rojo 20200430 235200 9145.0 8773.25 8823.5 8823.0 66
Rojo 20200430 235900 9145.0 8773.25 8840.25 8838.5 157
